467315,adah fashions green dress materials,http://www.yebhi.com/online-shopping/women/dress-materials/sarees/salwar-kameez-set/kurta-kurtis/leggings-and-jeggings.html?affint=women-topmenu,5508,Traditional-Ethnic,sarees,adah-fashions,http://im6.ybndc.com/upload/467315/ProductRear635285999480234000.jpg,5508,,Women,http://www.yebhi.com/467315/PD/adah-fashions-green-dress-materials.htm,yebhi.com,Adah Fashions Green - Dress Materials Buy Online,Adah Fashions Green - Dress Materials  Best Price Rs 5508.00  EMI Rs 918 for 6 months FREE Shipping In Stock - Delivery in 6-8 Days,None,<div class="product_detail_columns tinyscrl" itemprop="description" style=""><div class="scrollbar" style="width:2px; height:250px; background:#9E9E9E;"><div class="track" style="width:2px;"><div class="thumb" style="width:6px;"><div class="end"> </div></div></div></div><div class="viewport" style=" height:250px; width:252px; font-family:Arial !important;"><div class="overview" style="text-align:justify; display:block;"><div>Famous Designers Tend To Give Reign To Their Imagination And Create Clothes That Look Interesting And Guided By The Desire To Attract Attention. Be Ready To Slip In The Comfort Zone Of Black &amp; Green Faux Georgette Salwar Kameez. It Has Been Beautifully Designed With Resham &amp; Sequins Work. </div></div></div> </div>,,16:04:2014,
467382,adah fashions orange georgette dress materials,http://www.yebhi.com/online-shopping/women/dress-materials/sarees/salwar-kameez-set/kurta-kurtis/leggings-and-jeggings.html?affint=women-topmenu,4154,Traditional-Ethnic,sarees,adah-fashions,http://im6.ybndc.com/upload/467382/ProductRear635285999586782000.jpg,4154,,Women,http://www.yebhi.com/467382/PD/adah-fashions-orange-georgette-dress-materials.htm,yebhi.com,Adah Fashions Orange Georgette - Dress Materials Buy Online,Adah Fashions Orange Georgette - Dress Materials  Best Price Rs 4154.00  EMI Rs 692 for 6 months FREE Shipping In Stock - Delivery in 6-8 Days,None,<div class="product_detail_columns tinyscrl" itemprop="description" style=""><div class="scrollbar" style="width:2px; height:250px; background:#9E9E9E;"><div class="track" style="width:2px;"><div class="thumb" style="width:6px;"><div class="end"> </div></div></div></div><div class="viewport" style=" height:250px; width:252px; font-family:Arial !important;"><div class="overview" style="text-align:justify; display:block;"><div>Full Embroidery Work Design And Attractive Color Combination With Full Sleeve Salwaar  Chiffon Dupatta </div></div></div> </div>,,16:04:2014,
351259,adah fashions green dress materials,http://www.yebhi.com/online-shopping/women/dress-materials/sarees/salwar-kameez-set/kurta-kurtis/leggings-and-jeggings.html?affint=women-topmenu,1482,Traditional-Ethnic,sarees,adah-fashions,http://im6.ybndc.com/upload/351259/ProductRear635139110259541732.jpg,1482,,Women,http://www.yebhi.com/351259/PD/adah-fashions-green-dress-materials.htm,yebhi.com,Adah Fashions Green - Dress Materials Buy Online,Adah Fashions Green - Dress Materials  Best Price Rs 1482.00  EMI Rs 247 for 6 months FREE Shipping In Stock - Delivery in 13-17 Days,None,<div class="product_detail_columns tinyscrl" itemprop="description" style=""><div class="scrollbar" style="width:2px; height:250px; background:#9E9E9E;"><div class="track" style="width:2px;"><div class="thumb" style="width:6px;"><div class="end"> </div></div></div></div><div class="viewport" style=" height:250px; width:252px; font-family:Arial !important;"><div class="overview" style="text-align:justify; display:block;"><div>This Salwar Kameez Dupatta set in <b>green and white</b> is  from <b>Adah Fashions</b>. The cotton silk crafted set features <b>a solid green coloured kurti material and floral printed salwar piece and dupatta.<br/><br/><b>Features</b><ul style="margin-left: 20px;"><li type="disc"><b>Brand:</b>Adah Fashions</li><li type="disc"><b>Category:</b>  Traditional and Ethnic Wear</li><li type="disc"><b>Type:</b> Dress Material</li><li type="disc"><b>Fabric:</b>Cotton Silk </li><li type="disc"><b>Colour:</b> Green  White</li></ul><br/><b>Wash &amp; Care</b><br/>  Do not bleach or dry clean.<br> Wash with like colours.<br> Line dry. <br>Warm iron<br><br/><b>Note:</b> There may be a slight colour variation in the image from original product.  </br></br></br></br></b></div></div></div> </div>,,16:04:2014,
467379,adah fashions pink georgette dress materials,http://www.yebhi.com/online-shopping/women/dress-materials/sarees/salwar-kameez-set/kurta-kurtis/leggings-and-jeggings.html?affint=women-topmenu,4462,Traditional-Ethnic,sarees,adah-fashions,http://im6.ybndc.com/upload/467379/ProductRear635285999578982000.jpg,4462,,Women,http://www.yebhi.com/467379/PD/adah-fashions-pink-georgette-dress-materials.htm,yebhi.com,Adah Fashions Pink Georgette - Dress Materials Buy Online,Adah Fashions Pink Georgette - Dress Materials  Best Price Rs 4462.00  EMI Rs 744 for 6 months FREE Shipping In Stock - Delivery in 6-8 Days,None,<div class="product_detail_columns tinyscrl" itemprop="description" style=""><div class="scrollbar" style="width:2px; height:250px; background:#9E9E9E;"><div class="track" style="width:2px;"><div class="thumb" style="width:6px;"><div class="end"> </div></div></div></div><div class="viewport" style=" height:250px; width:252px; font-family:Arial !important;"><div class="overview" style="text-align:justify; display:block;"><div>Embroidery Work Design With Full Sleeve Salwaar Suit. </div></div></div> </div>,,16:04:2014,
351258,adah fashions pink dress materials,http://www.yebhi.com/online-shopping/women/dress-materials/sarees/salwar-kameez-set/kurta-kurtis/leggings-and-jeggings.html?affint=women-topmenu,1482,Traditional-Ethnic,sarees,adah-fashions,http://im6.ybndc.com/upload/351258/ProductRear635139110125537732.jpg,1482,,Women,http://www.yebhi.com/351258/PD/adah-fashions-pink-dress-materials.htm,yebhi.com,Adah Fashions Pink - Dress Materials Buy Online,Adah Fashions Pink - Dress Materials  Best Price Rs 1482.00  EMI Rs 247 for 6 months FREE Shipping In Stock - Delivery in 13-17 Days,None,<div class="product_detail_columns tinyscrl" itemprop="description" style=""><div class="scrollbar" style="width:2px; height:250px; background:#9E9E9E;"><div class="track" style="width:2px;"><div class="thumb" style="width:6px;"><div class="end"> </div></div></div></div><div class="viewport" style=" height:250px; width:252px; font-family:Arial !important;"><div class="overview" style="text-align:justify; display:block;"><div>This Salwar Kameez Dupatta set in <b>pink and green</b> is  from <b>Adah Fashions</b>. The cotton silk crafted set features <b>a solid pink coloured kurti material and floral printed salwar and dupatta.<br/><br/><b>Features</b><ul style="margin-left: 20px;"><li type="disc"><b>Brand:</b>Adah Fashions</li><li type="disc"><b>Category:</b>  Traditional and Ethnic Wear</li><li type="disc"><b>Type:</b> Dress Material</li><li type="disc"><b>Fabric:</b>Cotton Silk </li><li type="disc"><b>Colour:</b> Mustard  Brown</li></ul><br/><b>Wash &amp; Care</b><br/>  Do not bleach or dry clean.<br> Wash with like colours.<br> Line dry. <br>Warm iron<br><br/><b>Note:</b> There may be a slight colour variation in the image from original product.  </br></br></br></br></b></div></div></div> </div>,,16:04:2014,
467319,adah fashions black dress materials,http://www.yebhi.com/online-shopping/women/dress-materials/sarees/salwar-kameez-set/kurta-kurtis/leggings-and-jeggings.html?affint=women-topmenu,5508,Traditional-Ethnic,sarees,adah-fashions,http://im6.ybndc.com/upload/467319/ProductRear635285999490374000.jpg,5508,,Women,http://www.yebhi.com/467319/PD/adah-fashions-black-dress-materials.htm,yebhi.com,Adah Fashions Black - Dress Materials Buy Online,Adah Fashions Black - Dress Materials  Best Price Rs 5508.00  EMI Rs 918 for 6 months FREE Shipping In Stock - Delivery in 6-8 Days,None,<div class="product_detail_columns tinyscrl" itemprop="description" style=""><div class="scrollbar" style="width:2px; height:250px; background:#9E9E9E;"><div class="track" style="width:2px;"><div class="thumb" style="width:6px;"><div class="end"> </div></div></div></div><div class="viewport" style=" height:250px; width:252px; font-family:Arial !important;"><div class="overview" style="text-align:justify; display:block;"><div>Enchant The Mantra Of Being Stylish In This Attire. Be The Center Of Attraction With This Black &amp; Blue Faux Georgette Salwar Kameez. Beautified With Multi  Patch Work  Resham &amp; Stones Work All Synchronized Well With The Pattern And Design Of The Attire. </div></div></div> </div>,,16:04:2014,
467317,adah fashions green dress materials,http://www.yebhi.com/online-shopping/women/dress-materials/sarees/salwar-kameez-set/kurta-kurtis/leggings-and-jeggings.html?affint=women-topmenu,5508,Traditional-Ethnic,sarees,adah-fashions,http://im6.ybndc.com/upload/467317/ProductRear635285999485694000.jpg,5508,,Women,http://www.yebhi.com/467317/PD/adah-fashions-green-dress-materials.htm,yebhi.com,Adah Fashions Green - Dress Materials Buy Online,Adah Fashions Green - Dress Materials  Best Price Rs 5508.00  EMI Rs 918 for 6 months FREE Shipping In Stock - Delivery in 6-8 Days,None,<div class="product_detail_columns tinyscrl" itemprop="description" style=""><div class="scrollbar" style="width:2px; height:250px; background:#9E9E9E;"><div class="track" style="width:2px;"><div class="thumb" style="width:6px;"><div class="end"> </div></div></div></div><div class="viewport" style=" height:250px; width:252px; font-family:Arial !important;"><div class="overview" style="text-align:justify; display:block;"><div>This Season &amp; Your Look Gets Better Definition With Just A Little Attention To Detail. This Off White &amp; Pale Jade Green Net Salwar Kameez Is Accenting The Gorgeous Feeling. It Is Uniquely Crafted With Patch Work  Resham  Sequins &amp; Stones Work. </div></div></div> </div>,,16:04:2014,
351322,adah fashions red art silk sarees,http://www.yebhi.com/online-shopping/women/dress-materials/sarees/salwar-kameez-set/kurta-kurtis/leggings-and-jeggings.html?affint=women-topmenu,834,Traditional-Ethnic,sarees,adah-fashions,http://im6.ybndc.com/upload/351322/ProductRear635139109538821732.jpg,834,,Women,http://www.yebhi.com/351322/PD/adah-fashions-red-art-silk-sarees.htm,yebhi.com,Adah Fashions Red Art Silk - Sarees Buy Online,Adah Fashions Red Art Silk - Sarees  Best Price Rs 834.00  EMI Rs 139 for 6 months FREE Shipping In Stock - Delivery in 13-17 Days,None,<div class="product_detail_columns tinyscrl" itemprop="description" style=""><div class="scrollbar" style="width:2px; height:250px; background:#9E9E9E;"><div class="track" style="width:2px;"><div class="thumb" style="width:6px;"><div class="end"> </div></div></div></div><div class="viewport" style=" height:250px; width:252px; font-family:Arial !important;"><div class="overview" style="text-align:justify; display:block;"><div>The best of Indian wear exclusively for women - a whole range of designer Sarees   beautiful Salwar Kameez collection handpicked from across all over the country. With its modern yet contemporary designs  color combinations and elegant look. </div></div></div> </div>,,16:04:2014,
467398,adah fashions green cotton dress materials,http://www.yebhi.com/online-shopping/women/dress-materials/sarees/salwar-kameez-set/kurta-kurtis/leggings-and-jeggings.html?affint=women-topmenu,2462,Traditional-Ethnic,sarees,adah-fashions,http://im6.ybndc.com/upload/467398/ProductRear635285999626406000.jpg,2462,,Women,http://www.yebhi.com/467398/PD/adah-fashions-green-cotton-dress-materials.htm,yebhi.com,Adah Fashions Green Cotton - Dress Materials Buy Online,Adah Fashions Green Cotton - Dress Materials  Best Price Rs 2462.00  EMI Rs 410 for 6 months FREE Shipping In Stock - Delivery in 6-8 Days,None,<div class="product_detail_columns tinyscrl" itemprop="description" style=""><div class="scrollbar" style="width:2px; height:250px; background:#9E9E9E;"><div class="track" style="width:2px;"><div class="thumb" style="width:6px;"><div class="end"> </div></div></div></div><div class="viewport" style=" height:250px; width:252px; font-family:Arial !important;"><div class="overview" style="text-align:justify; display:block;"><div>Pure Cotton Printed And Embroid Work Salwaar Suit </div></div></div> </div>,,16:04:2014,
351312,adah fashions beige art silk sarees,http://www.yebhi.com/online-shopping/women/dress-materials/sarees/salwar-kameez-set/kurta-kurtis/leggings-and-jeggings.html?affint=women-topmenu,834,Traditional-Ethnic,sarees,adah-fashions,http://im6.ybndc.com/upload/351312/ProductRear635139107584921732.jpg,834,,Women,http://www.yebhi.com/351312/PD/adah-fashions-beige-art-silk-sarees.htm,yebhi.com,Adah Fashions Beige Art Silk - Sarees Buy Online,Adah Fashions Beige Art Silk - Sarees  Best Price Rs 834.00  EMI Rs 139 for 6 months FREE Shipping In Stock - Delivery in 13-17 Days,None,<div class="product_detail_columns tinyscrl" itemprop="description" style=""><div class="scrollbar" style="width:2px; height:250px; background:#9E9E9E;"><div class="track" style="width:2px;"><div class="thumb" style="width:6px;"><div class="end"> </div></div></div></div><div class="viewport" style=" height:250px; width:252px; font-family:Arial !important;"><div class="overview" style="text-align:justify; display:block;"><div>The best of Indian wear exclusively for women - a whole range of designer Sarees   beautiful Salwar Kameez collection handpicked from across all over the country. With its modern yet contemporary designs  color combinations and elegant look. </div></div></div> </div>,,16:04:2014,
351321,adah fashions white art silk sarees,http://www.yebhi.com/online-shopping/women/dress-materials/sarees/salwar-kameez-set/kurta-kurtis/leggings-and-jeggings.html?affint=women-topmenu,834,Traditional-Ethnic,sarees,adah-fashions,http://im6.ybndc.com/upload/351321/ProductRear635139109426345732.jpg,834,,Women,http://www.yebhi.com/351321/PD/adah-fashions-white-art-silk-sarees.htm,yebhi.com,Adah Fashions White Art Silk - Sarees Buy Online,Adah Fashions White Art Silk - Sarees  Best Price Rs 834.00  EMI Rs 139 for 6 months FREE Shipping In Stock - Delivery in 13-17 Days,None,<div class="product_detail_columns tinyscrl" itemprop="description" style=""><div class="scrollbar" style="width:2px; height:250px; background:#9E9E9E;"><div class="track" style="width:2px;"><div class="thumb" style="width:6px;"><div class="end"> </div></div></div></div><div class="viewport" style=" height:250px; width:252px; font-family:Arial !important;"><div class="overview" style="text-align:justify; display:block;"><div>From the house of <b> Adah Fashions </b> this saree in <b>white colour</b>is perfect for daily wear. The saree is crafted with <b>art silk fabric</b> and features <b>floral prints</b> all over and black pallu.<br/><br/><b>Features</b><ul style="margin-left: 20px;"><li type="disc"><b>Brand</b>:  Adah Fashions</li><li type="disc"><b>Category</b>: Traditional and Ethnic Wear</li><li type="disc"><b>Type:</b> Sarees</li><li type="disc"><b>Fabric:</b> Art Silk</li><li type="disc"><b>Colour</b>: White</li><li type="disc"><b>Saree Length (in mts.):</b> 5.4</li><li type="disc"><b>Blouse Length (in mts.):</b> 0.80</li></ul><br/><b>Wash &amp; Care</b><br>Dry Clean Only<br><br/><b>Note:</b> There may be a slight colour variation in the image from original product.   </br></br></div></div></div> </div>,,16:04:2014,
467346,adah fashions red dress materials,http://www.yebhi.com/online-shopping/women/dress-materials/sarees/salwar-kameez-set/kurta-kurtis/leggings-and-jeggings.html?affint=women-topmenu,2338,Traditional-Ethnic,sarees,adah-fashions,http://im6.ybndc.com/upload/467346/ProductRear635285999558078000.jpg,2338,,Women,http://www.yebhi.com/467346/PD/adah-fashions-red-dress-materials.htm,yebhi.com,Adah Fashions Red - Dress Materials Buy Online,Adah Fashions Red - Dress Materials  Best Price Rs 2338.00  EMI Rs 390 for 6 months FREE Shipping In Stock - Delivery in 6-8 Days,None,<div class="product_detail_columns tinyscrl" itemprop="description" style=""><div class="scrollbar" style="width:2px; height:250px; background:#9E9E9E;"><div class="track" style="width:2px;"><div class="thumb" style="width:6px;"><div class="end"> </div></div></div></div><div class="viewport" style=" height:250px; width:252px; font-family:Arial !important;"><div class="overview" style="text-align:justify; display:block;"><div>Colorful Embroidery Design With Perfect Printed Design Cotton Salwaar Suit </div></div></div> </div>,,16:04:2014,
351301,adah fashions yellow art silk sarees,http://www.yebhi.com/online-shopping/women/dress-materials/sarees/salwar-kameez-set/kurta-kurtis/leggings-and-jeggings.html?affint=women-topmenu,834,Traditional-Ethnic,sarees,adah-fashions,http://im6.ybndc.com/upload/351301/ProductRear635139105099061732.jpg,834,,Women,http://www.yebhi.com/351301/PD/adah-fashions-yellow-art-silk-sarees.htm,yebhi.com,Adah Fashions Yellow Art Silk - Sarees Buy Online,Adah Fashions Yellow Art Silk - Sarees  Best Price Rs 834.00  EMI Rs 139 for 6 months FREE Shipping In Stock - Delivery in 13-17 Days,None,<div class="product_detail_columns tinyscrl" itemprop="description" style=""><div class="scrollbar" style="width:2px; height:250px; background:#9E9E9E;"><div class="track" style="width:2px;"><div class="thumb" style="width:6px;"><div class="end"> </div></div></div></div><div class="viewport" style=" height:250px; width:252px; font-family:Arial !important;"><div class="overview" style="text-align:justify; display:block;"><div>The best of Indian wear exclusively for women - a whole range of designer Sarees   beautiful Salwar Kameez collection handpicked from across all over the country. With its modern yet contemporary designs  color combinations and elegant look. </div></div></div> </div>,,16:04:2014,
467344,adah fashions yellow dress materials,http://www.yebhi.com/online-shopping/women/dress-materials/sarees/salwar-kameez-set/kurta-kurtis/leggings-and-jeggings.html?affint=women-topmenu,2338,Traditional-Ethnic,sarees,adah-fashions,http://im6.ybndc.com/upload/467344/ProductRear635285999554022000.jpg,2338,,Women,http://www.yebhi.com/467344/PD/adah-fashions-yellow-dress-materials.htm,yebhi.com,Adah Fashions Yellow - Dress Materials Buy Online,Adah Fashions Yellow - Dress Materials  Best Price Rs 2338.00  EMI Rs 390 for 6 months FREE Shipping In Stock - Delivery in 6-8 Days,None,<div class="product_detail_columns tinyscrl" itemprop="description" style=""><div class="scrollbar" style="width:2px; height:250px; background:#9E9E9E;"><div class="track" style="width:2px;"><div class="thumb" style="width:6px;"><div class="end"> </div></div></div></div><div class="viewport" style=" height:250px; width:252px; font-family:Arial !important;"><div class="overview" style="text-align:justify; display:block;"><div>Colorful Embroidery Design With Perfect Printed Design Cotton Salwaar Suit </div></div></div> </div>,,16:04:2014,
351260,adah fashions pink dress materials,http://www.yebhi.com/online-shopping/women/dress-materials/sarees/salwar-kameez-set/kurta-kurtis/leggings-and-jeggings.html?affint=women-topmenu,1482,Traditional-Ethnic,sarees,adah-fashions,http://im6.ybndc.com/upload/351260/ProductRear635139110633629732.jpg,1482,,Women,http://www.yebhi.com/351260/PD/adah-fashions-pink-dress-materials.htm,yebhi.com,Adah Fashions Pink - Dress Materials Buy Online,Adah Fashions Pink - Dress Materials  Best Price Rs 1482.00  EMI Rs 247 for 6 months FREE Shipping In Stock - Delivery in 13-17 Days,None,<div class="product_detail_columns tinyscrl" itemprop="description" style=""><div class="scrollbar" style="width:2px; height:250px; background:#9E9E9E;"><div class="track" style="width:2px;"><div class="thumb" style="width:6px;"><div class="end"> </div></div></div></div><div class="viewport" style=" height:250px; width:252px; font-family:Arial !important;"><div class="overview" style="text-align:justify; display:block;"><div>This Salwar Kameez Dupatta set in <b>multicolour</b> is  from <b>Adah Fashions</b>. The cotton silk crafted set features <b>a solid pink coloured kurti material and printed salwar piece and dupatta.<br/><br/><b>Features</b><ul style="margin-left: 20px;"><li type="disc"><b>Brand:</b>Adah Fashions</li><li type="disc"><b>Category:</b>  Traditional and Ethnic Wear</li><li type="disc"><b>Type:</b> Dress Material</li><li type="disc"><b>Fabric:</b>Cotton Silk </li><li type="disc"><b>Colour:</b> Multicolour</li></ul><br/><b>Wash &amp; Care</b><br/>  Do not bleach or dry clean.<br> Wash with like colours.<br> Line dry. <br>Warm iron<br><br/><b>Note:</b> There may be a slight colour variation in the image from original product.  </br></br></br></br></b></div></div></div> </div>,,16:04:2014,
467291,adah fashions black georgette dress materials,http://www.yebhi.com/online-shopping/women/dress-materials/sarees/salwar-kameez-set/kurta-kurtis/leggings-and-jeggings.html?affint=women-topmenu,5108,Traditional-Ethnic,sarees,adah-fashions,http://im6.ybndc.com/upload/467291/ProductRear635285999426258000.jpg,5108,,Women,http://www.yebhi.com/467291/PD/adah-fashions-black-georgette-dress-materials.htm,yebhi.com,Adah Fashions Black Georgette - Dress Materials Buy Online,Adah Fashions Black Georgette - Dress Materials  Best Price Rs 5108.00  EMI Rs 851 for 6 months FREE Shipping In Stock - Delivery in 6-8 Days,None,<div class="product_detail_columns tinyscrl" itemprop="description" style=""><div class="scrollbar" style="width:2px; height:250px; background:#9E9E9E;"><div class="track" style="width:2px;"><div class="thumb" style="width:6px;"><div class="end"> </div></div></div></div><div class="viewport" style=" height:250px; width:252px; font-family:Arial !important;"><div class="overview" style="text-align:justify; display:block;"><div> Butta Work  Multi </div></div></div> </div>,,16:04:2014,
380309,adah fashions white net sarees,http://www.yebhi.com/online-shopping/women/dress-materials/sarees/salwar-kameez-set/kurta-kurtis/leggings-and-jeggings.html?affint=women-topmenu,499,Traditional-Ethnic,sarees,adah-fashions,http://im6.ybndc.com/upload/380309/ProductRear635161603821302535.jpg,499,,Women,http://www.yebhi.com/380309/PD/adah-fashions-white-net-sarees.htm,yebhi.com,Adah Fashions White Net - Sarees Buy Online,Adah Fashions White Net - Sarees  Best Price Rs 499.00  EMI Rs 83 for 6 months,None,<div class="product_detail_columns tinyscrl" itemprop="description" style=""><div class="scrollbar" style="width:2px; height:250px; background:#9E9E9E;"><div class="track" style="width:2px;"><div class="thumb" style="width:6px;"><div class="end"> </div></div></div></div><div class="viewport" style=" height:250px; width:252px; font-family:Arial !important;"><div class="overview" style="text-align:justify; display:block;"><div>The best of Indian wear exclusively for women . A Super Net Saree With its modern yet beautiful and contemporary designs  color combinations and elegant look. </div></div></div> </div>,,16:04:2014,
467338,adah fashions blue georgette dress materials,http://www.yebhi.com/online-shopping/women/dress-materials/sarees/salwar-kameez-set/kurta-kurtis/leggings-and-jeggings.html?affint=women-topmenu,2338,Traditional-Ethnic,sarees,adah-fashions,http://im6.ybndc.com/upload/467338/ProductRear635285999538422000.jpg,2338,,Women,http://www.yebhi.com/467338/PD/adah-fashions-blue-georgette-dress-materials.htm,yebhi.com,Adah Fashions Blue Georgette - Dress Materials Buy Online,Adah Fashions Blue Georgette - Dress Materials  Best Price Rs 2338.00  EMI Rs 390 for 6 months FREE Shipping In Stock - Delivery in 6-8 Days,None,<div class="product_detail_columns tinyscrl" itemprop="description" style=""><div class="scrollbar" style="width:2px; height:250px; background:#9E9E9E;"><div class="track" style="width:2px;"><div class="thumb" style="width:6px;"><div class="end"> </div></div></div></div><div class="viewport" style=" height:250px; width:252px; font-family:Arial !important;"><div class="overview" style="text-align:justify; display:block;"><div>Embroidery &amp; Jari work Design Salwaar Kameez </div></div></div> </div>,,16:04:2014,
351412,adah fashions red georgette dress materials,http://www.yebhi.com/online-shopping/women/dress-materials/sarees/salwar-kameez-set/kurta-kurtis/leggings-and-jeggings.html?affint=women-topmenu,2167,Traditional-Ethnic,sarees,adah-fashions,http://im6.ybndc.com/upload/351412/ProductRear635139103815337732.jpg,2167,,Women,http://www.yebhi.com/351412/PD/adah-fashions-red-georgette-dress-materials.htm,yebhi.com,Adah Fashions Red Georgette - Dress Materials Buy Online,Adah Fashions Red Georgette - Dress Materials  Best Price Rs 2167.00  EMI Rs 361 for 6 months FREE Shipping In Stock - Delivery in 13-17 Days,None,<div class="product_detail_columns tinyscrl" itemprop="description" style=""><div class="scrollbar" style="width:2px; height:250px; background:#9E9E9E;"><div class="track" style="width:2px;"><div class="thumb" style="width:6px;"><div class="end"> </div></div></div></div><div class="viewport" style=" height:250px; width:252px; font-family:Arial !important;"><div class="overview" style="text-align:justify; display:block;"><div>The best of Indian wear exclusively for women - a whole range of designer Sarees   beautiful Salwar Kameez collection handpicked from across all over the country. With its modern yet contemporary designs  color combinations and elegant look. </div></div></div> </div>,,16:04:2014,
467331,adah fashions yellow georgette dress materials,http://www.yebhi.com/online-shopping/women/dress-materials/sarees/salwar-kameez-set/kurta-kurtis/leggings-and-jeggings.html?affint=women-topmenu,2338,Traditional-Ethnic,sarees,adah-fashions,http://im6.ybndc.com/upload/467331/ProductRear635285999521886000.jpg,2338,,Women,http://www.yebhi.com/467331/PD/adah-fashions-yellow-georgette-dress-materials.htm,yebhi.com,Adah Fashions Yellow Georgette - Dress Materials Buy Online,Adah Fashions Yellow Georgette - Dress Materials  Best Price Rs 2338.00  EMI Rs 390 for 6 months FREE Shipping In Stock - Delivery in 6-8 Days,None,<div class="product_detail_columns tinyscrl" itemprop="description" style=""><div class="scrollbar" style="width:2px; height:250px; background:#9E9E9E;"><div class="track" style="width:2px;"><div class="thumb" style="width:6px;"><div class="end"> </div></div></div></div><div class="viewport" style=" height:250px; width:252px; font-family:Arial !important;"><div class="overview" style="text-align:justify; display:block;"><div>Embroidery &amp; Jari work Design Salwaar Kameez </div></div></div> </div>,,16:04:2014,
467350,adah fashions orange dress materials,http://www.yebhi.com/online-shopping/women/dress-materials/sarees/salwar-kameez-set/kurta-kurtis/leggings-and-jeggings.html?affint=women-topmenu,2338,Traditional-Ethnic,sarees,adah-fashions,http://im6.ybndc.com/upload/467350/ProductRear635285999565722000.jpg,2338,,Women,http://www.yebhi.com/467350/PD/adah-fashions-orange-dress-materials.htm,yebhi.com,Adah Fashions Orange - Dress Materials Buy Online,Adah Fashions Orange - Dress Materials  Best Price Rs 2338.00  EMI Rs 390 for 6 months FREE Shipping In Stock - Delivery in 6-8 Days,None,<div class="product_detail_columns tinyscrl" itemprop="description" style=""><div class="scrollbar" style="width:2px; height:250px; background:#9E9E9E;"><div class="track" style="width:2px;"><div class="thumb" style="width:6px;"><div class="end"> </div></div></div></div><div class="viewport" style=" height:250px; width:252px; font-family:Arial !important;"><div class="overview" style="text-align:justify; display:block;"><div>Colorful Embroidery Design With Perfect Printed Design Cotton Salwaar Suit </div></div></div> </div>,,16:04:2014,
351308,adah fashions green art silk sarees,http://www.yebhi.com/online-shopping/women/dress-materials/sarees/salwar-kameez-set/kurta-kurtis/leggings-and-jeggings.html?affint=women-topmenu,834,Traditional-Ethnic,sarees,adah-fashions,http://im6.ybndc.com/upload/351308/ProductRear635139107101633732.jpg,834,,Women,http://www.yebhi.com/351308/PD/adah-fashions-green-art-silk-sarees.htm,yebhi.com,Adah Fashions Green Art Silk - Sarees Buy Online,Adah Fashions Green Art Silk - Sarees  Best Price Rs 834.00  EMI Rs 139 for 6 months FREE Shipping In Stock - Delivery in 13-17 Days,None,<div class="product_detail_columns tinyscrl" itemprop="description" style=""><div class="scrollbar" style="width:2px; height:250px; background:#9E9E9E;"><div class="track" style="width:2px;"><div class="thumb" style="width:6px;"><div class="end"> </div></div></div></div><div class="viewport" style=" height:250px; width:252px; font-family:Arial !important;"><div class="overview" style="text-align:justify; display:block;"><div>The best of Indian wear exclusively for women - a whole range of designer Sarees   beautiful Salwar Kameez collection handpicked from across all over the country. With its modern yet contemporary designs  color combinations and elegant look. </div></div></div> </div>,,16:04:2014,
351318,adah fashions red art silk sarees,http://www.yebhi.com/online-shopping/women/dress-materials/sarees/salwar-kameez-set/kurta-kurtis/leggings-and-jeggings.html?affint=women-topmenu,834,Traditional-Ethnic,sarees,adah-fashions,http://im6.ybndc.com/upload/351318/ProductRear635139109077685732.jpg,834,,Women,http://www.yebhi.com/351318/PD/adah-fashions-red-art-silk-sarees.htm,yebhi.com,Adah Fashions Red Art Silk - Sarees Buy Online,Adah Fashions Red Art Silk - Sarees  Best Price Rs 834.00  EMI Rs 139 for 6 months FREE Shipping In Stock - Delivery in 13-17 Days,None,<div class="product_detail_columns tinyscrl" itemprop="description" style=""><div class="scrollbar" style="width:2px; height:250px; background:#9E9E9E;"><div class="track" style="width:2px;"><div class="thumb" style="width:6px;"><div class="end"> </div></div></div></div><div class="viewport" style=" height:250px; width:252px; font-family:Arial !important;"><div class="overview" style="text-align:justify; display:block;"><div>The best of Indian wear exclusively for women - a whole range of designer Sarees   beautiful Salwar Kameez collection handpicked from across all over the country. With its modern yet contemporary designs  color combinations and elegant look. </div></div></div> </div>,,16:04:2014,
467392,adah fashions pink cotton dress materials,http://www.yebhi.com/online-shopping/women/dress-materials/sarees/salwar-kameez-set/kurta-kurtis/leggings-and-jeggings.html?affint=women-topmenu,1800,Traditional-Ethnic,sarees,adah-fashions,http://im6.ybndc.com/upload/467392/ProductRear635285999612990000.jpg,1800,,Women,http://www.yebhi.com/467392/PD/adah-fashions-pink-cotton-dress-materials.htm,yebhi.com,Adah Fashions Pink Cotton - Dress Materials Buy Online,Adah Fashions Pink Cotton - Dress Materials  Best Price Rs 1800.00  EMI Rs 300 for 6 months FREE Shipping In Stock - Delivery in 6-8 Days,None,<div class="product_detail_columns tinyscrl" itemprop="description" style=""><div class="scrollbar" style="width:2px; height:250px; background:#9E9E9E;"><div class="track" style="width:2px;"><div class="thumb" style="width:6px;"><div class="end"> </div></div></div></div><div class="viewport" style=" height:250px; width:252px; font-family:Arial !important;"><div class="overview" style="text-align:justify; display:block;"><div>Pure Cotton Printed And Embroid Work Salwaar Suit </div></div></div> </div>,,16:04:2014,
467340,adah fashions green georgette dress materials,http://www.yebhi.com/online-shopping/women/dress-materials/sarees/salwar-kameez-set/kurta-kurtis/leggings-and-jeggings.html?affint=women-topmenu,2169,Traditional-Ethnic,sarees,adah-fashions,http://im6.ybndc.com/upload/467340/ProductRear635285999543570000.jpg,2169,,Women,http://www.yebhi.com/467340/PD/adah-fashions-green-georgette-dress-materials.htm,yebhi.com,Adah Fashions Green Georgette - Dress Materials Buy Online,Adah Fashions Green Georgette - Dress Materials  Best Price Rs 2169.00  EMI Rs 362 for 6 months FREE Shipping In Stock - Delivery in 6-8 Days,None,<div class="product_detail_columns tinyscrl" itemprop="description" style=""><div class="scrollbar" style="width:2px; height:250px; background:#9E9E9E;"><div class="track" style="width:2px;"><div class="thumb" style="width:6px;"><div class="end"> </div></div></div></div><div class="viewport" style=" height:250px; width:252px; font-family:Arial !important;"><div class="overview" style="text-align:justify; display:block;"><div>Embroidery &amp; Jari work Design Salwaar Kameez </div></div></div> </div>,,16:04:2014,
467298,adah fashions grey georgette dress materials,http://www.yebhi.com/online-shopping/women/dress-materials/sarees/salwar-kameez-set/kurta-kurtis/leggings-and-jeggings.html?affint=women-topmenu,4400,Traditional-Ethnic,sarees,adah-fashions,http://im6.ybndc.com/upload/467298/ProductRear635285999441234000.jpg,4400,,Women,http://www.yebhi.com/467298/PD/adah-fashions-grey-georgette-dress-materials.htm,yebhi.com,Adah Fashions Grey Georgette - Dress Materials Buy Online,Adah Fashions Grey Georgette - Dress Materials  Best Price Rs 4400.00  EMI Rs 733 for 6 months FREE Shipping In Stock - Delivery in 6-8 Days,None,<div class="product_detail_columns tinyscrl" itemprop="description" style=""><div class="scrollbar" style="width:2px; height:250px; background:#9E9E9E;"><div class="track" style="width:2px;"><div class="thumb" style="width:6px;"><div class="end"> </div></div></div></div><div class="viewport" style=" height:250px; width:252px; font-family:Arial !important;"><div class="overview" style="text-align:justify; display:block;"><div> Floral Patch  Resham </div></div></div> </div>,,16:04:2014,
467395,adah fashions purple cotton dress materials,http://www.yebhi.com/online-shopping/women/dress-materials/sarees/salwar-kameez-set/kurta-kurtis/leggings-and-jeggings.html?affint=women-topmenu,2031,Traditional-Ethnic,sarees,adah-fashions,http://im6.ybndc.com/upload/467395/ProductRear635285999619854000.jpg,2031,,Women,http://www.yebhi.com/467395/PD/adah-fashions-purple-cotton-dress-materials.htm,yebhi.com,Adah Fashions Purple Cotton - Dress Materials Buy Online,Adah Fashions Purple Cotton - Dress Materials  Best Price Rs 2031.00  EMI Rs 339 for 6 months FREE Shipping In Stock - Delivery in 6-8 Days,None,<div class="product_detail_columns tinyscrl" itemprop="description" style=""><div class="scrollbar" style="width:2px; height:250px; background:#9E9E9E;"><div class="track" style="width:2px;"><div class="thumb" style="width:6px;"><div class="end"> </div></div></div></div><div class="viewport" style=" height:250px; width:252px; font-family:Arial !important;"><div class="overview" style="text-align:justify; display:block;"><div>Pure Cotton Printed And Embroid Work Salwaar Suit </div></div></div> </div>,,16:04:2014,
351404,adah fashions red georgette dress materials,http://www.yebhi.com/online-shopping/women/dress-materials/sarees/salwar-kameez-set/kurta-kurtis/leggings-and-jeggings.html?affint=women-topmenu,3371,Traditional-Ethnic,sarees,adah-fashions,http://im6.ybndc.com/upload/351404/ProductRear635139099093529732.jpg,3371,,Women,http://www.yebhi.com/351404/PD/adah-fashions-red-georgette-dress-materials.htm,yebhi.com,Adah Fashions Red Georgette - Dress Materials Buy Online,Adah Fashions Red Georgette - Dress Materials  Best Price Rs 3371.00  EMI Rs 562 for 6 months FREE Shipping In Stock - Delivery in 13-17 Days,None,<div class="product_detail_columns tinyscrl" itemprop="description" style=""><div class="scrollbar" style="width:2px; height:250px; background:#9E9E9E;"><div class="track" style="width:2px;"><div class="thumb" style="width:6px;"><div class="end"> </div></div></div></div><div class="viewport" style=" height:250px; width:252px; font-family:Arial !important;"><div class="overview" style="text-align:justify; display:block;"><div>The best of Indian wear exclusively for women - a whole range of designer Sarees   beautiful Salwar Kameez collection handpicked from across all over the country. With its modern yet contemporary designs  color combinations and elegant look. </div></div></div> </div>,,16:04:2014,
351337,adah fashions purple georgette dress materials,http://www.yebhi.com/online-shopping/women/dress-materials/sarees/salwar-kameez-set/kurta-kurtis/leggings-and-jeggings.html?affint=women-topmenu,3112,Traditional-Ethnic,sarees,adah-fashions,http://im6.ybndc.com/upload/351337/ProductRear635139114113521732.jpg,3112,,Women,http://www.yebhi.com/351337/PD/adah-fashions-purple-georgette-dress-materials.htm,yebhi.com,Adah Fashions Purple Georgette - Dress Materials Buy Online,Adah Fashions Purple Georgette - Dress Materials  Best Price Rs 3112.00  EMI Rs 519 for 6 months FREE Shipping In Stock - Delivery in 13-17 Days,None,<div class="product_detail_columns tinyscrl" itemprop="description" style=""><div class="scrollbar" style="width:2px; height:250px; background:#9E9E9E;"><div class="track" style="width:2px;"><div class="thumb" style="width:6px;"><div class="end"> </div></div></div></div><div class="viewport" style=" height:250px; width:252px; font-family:Arial !important;"><div class="overview" style="text-align:justify; display:block;"><div>The best of Indian wear exclusively for women - a whole range of designer Sarees   beautiful Salwar Kameez collection handpicked from across all over the country. With its modern yet contemporary designs  color combinations and elegant look. </div></div></div> </div>,,16:04:2014,
351307,adah fashions red art silk sarees,http://www.yebhi.com/online-shopping/women/dress-materials/sarees/salwar-kameez-set/kurta-kurtis/leggings-and-jeggings.html?affint=women-topmenu,834,Traditional-Ethnic,sarees,adah-fashions,http://im6.ybndc.com/upload/351307/ProductRear635139106957333732.jpg,834,,Women,http://www.yebhi.com/351307/PD/adah-fashions-red-art-silk-sarees.htm,yebhi.com,Adah Fashions Red Art Silk - Sarees Buy Online,Adah Fashions Red Art Silk - Sarees  Best Price Rs 834.00  EMI Rs 139 for 6 months FREE Shipping In Stock - Delivery in 13-17 Days,None,<div class="product_detail_columns tinyscrl" itemprop="description" style=""><div class="scrollbar" style="width:2px; height:250px; background:#9E9E9E;"><div class="track" style="width:2px;"><div class="thumb" style="width:6px;"><div class="end"> </div></div></div></div><div class="viewport" style=" height:250px; width:252px; font-family:Arial !important;"><div class="overview" style="text-align:justify; display:block;"><div>The best of Indian wear exclusively for women - a whole range of designer Sarees   beautiful Salwar Kameez collection handpicked from across all over the country. With its modern yet contemporary designs  color combinations and elegant look. </div></div></div> </div>,,16:04:2014,
380305,adah fashions purple net sarees,http://www.yebhi.com/online-shopping/women/dress-materials/sarees/salwar-kameez-set/kurta-kurtis/leggings-and-jeggings.html?affint=women-topmenu,499,Traditional-Ethnic,sarees,adah-fashions,http://im6.ybndc.com/upload/380305/ProductRear635161602238828391.jpg,499,,Women,http://www.yebhi.com/380305/PD/adah-fashions-purple-net-sarees.htm,yebhi.com,Adah Fashions Purple Net - Sarees Buy Online,Adah Fashions Purple Net - Sarees  Best Price Rs 499.00  EMI Rs 83 for 6 months,None,<div class="product_detail_columns tinyscrl" itemprop="description" style=""><div class="scrollbar" style="width:2px; height:250px; background:#9E9E9E;"><div class="track" style="width:2px;"><div class="thumb" style="width:6px;"><div class="end"> </div></div></div></div><div class="viewport" style=" height:250px; width:252px; font-family:Arial !important;"><div class="overview" style="text-align:justify; display:block;"><div>The best of Indian wear exclusively for women . A Super Net Saree With its modern yet beautiful and contemporary designs  color combinations and elegant look. </div></div></div> </div>,,16:04:2014,
467349,adah fashions beige dress materials,http://www.yebhi.com/online-shopping/women/dress-materials/sarees/salwar-kameez-set/kurta-kurtis/leggings-and-jeggings.html?affint=women-topmenu,2338,Traditional-Ethnic,sarees,adah-fashions,http://im6.ybndc.com/upload/467349/ProductRear635285999564162000.jpg,2338,,Women,http://www.yebhi.com/467349/PD/adah-fashions-beige-dress-materials.htm,yebhi.com,Adah Fashions Beige - Dress Materials Buy Online,Adah Fashions Beige - Dress Materials  Best Price Rs 2338.00  EMI Rs 390 for 6 months FREE Shipping In Stock - Delivery in 6-8 Days,None,<div class="product_detail_columns tinyscrl" itemprop="description" style=""><div class="scrollbar" style="width:2px; height:250px; background:#9E9E9E;"><div class="track" style="width:2px;"><div class="thumb" style="width:6px;"><div class="end"> </div></div></div></div><div class="viewport" style=" height:250px; width:252px; font-family:Arial !important;"><div class="overview" style="text-align:justify; display:block;"><div>Colorful Embroidery Design With Perfect Printed Design Cotton Salwaar Suit </div></div></div> </div>,,16:04:2014,
467318,adah fashions black dress materials,http://www.yebhi.com/online-shopping/women/dress-materials/sarees/salwar-kameez-set/kurta-kurtis/leggings-and-jeggings.html?affint=women-topmenu,5508,Traditional-Ethnic,sarees,adah-fashions,http://im6.ybndc.com/upload/467318/ProductRear635285999488034000.jpg,5508,,Women,http://www.yebhi.com/467318/PD/adah-fashions-black-dress-materials.htm,yebhi.com,Adah Fashions Black - Dress Materials Buy Online,Adah Fashions Black - Dress Materials  Best Price Rs 5508.00  EMI Rs 918 for 6 months FREE Shipping In Stock - Delivery in 6-8 Days,None,<div class="product_detail_columns tinyscrl" itemprop="description" style=""><div class="scrollbar" style="width:2px; height:250px; background:#9E9E9E;"><div class="track" style="width:2px;"><div class="thumb" style="width:6px;"><div class="end"> </div></div></div></div><div class="viewport" style=" height:250px; width:252px; font-family:Arial !important;"><div class="overview" style="text-align:justify; display:block;"><div>Everyone Will Admire You When You Wear This Clad To Elegant Affairs. An Outstanding Black &amp; Fuchsia Faux Georgette Salwar Kameez Will Make You Look Very Stylish And Graceful. Beautified With Patch Work  Resham &amp; Sequins Work All Synchronized Well With The Pattern And Design Of The Attire. </div></div></div> </div>,,16:04:2014,
467313,adah fashions red dress materials,http://www.yebhi.com/online-shopping/women/dress-materials/sarees/salwar-kameez-set/kurta-kurtis/leggings-and-jeggings.html?affint=women-topmenu,5508,Traditional-Ethnic,sarees,adah-fashions,http://im6.ybndc.com/upload/467313/ProductRear635285999475554000.jpg,5508,,Women,http://www.yebhi.com/467313/PD/adah-fashions-red-dress-materials.htm,yebhi.com,Adah Fashions Red - Dress Materials Buy Online,Adah Fashions Red - Dress Materials  Best Price Rs 5508.00  EMI Rs 918 for 6 months FREE Shipping In Stock - Delivery in 6-8 Days,None,<div class="product_detail_columns tinyscrl" itemprop="description" style=""><div class="scrollbar" style="width:2px; height:250px; background:#9E9E9E;"><div class="track" style="width:2px;"><div class="thumb" style="width:6px;"><div class="end"> </div></div></div></div><div class="viewport" style=" height:250px; width:252px; font-family:Arial !important;"><div class="overview" style="text-align:justify; display:block;"><div>We Are To Breathe Life Into Your Aspirations &amp; To Make A Mark In The World Of Style. Looking Amazing With Attachment Of Red Faux Georgette Salwar Kameez. You Can See Some Fascinating Patterns Done With Multi  Patch Work  Resham &amp; Stones Work. </div></div></div> </div>,,16:04:2014,
467384,adah fashions black georgette dress materials,http://www.yebhi.com/online-shopping/women/dress-materials/sarees/salwar-kameez-set/kurta-kurtis/leggings-and-jeggings.html?affint=women-topmenu,3646,Traditional-Ethnic,sarees,adah-fashions,http://im6.ybndc.com/upload/467384/ProductRear635285999592086000.jpg,3646,,Women,http://www.yebhi.com/467384/PD/adah-fashions-black-georgette-dress-materials.htm,yebhi.com,Adah Fashions Black Georgette - Dress Materials Buy Online,Adah Fashions Black Georgette - Dress Materials  Best Price Rs 3646.00  EMI Rs 608 for 6 months FREE Shipping In Stock - Delivery in 6-8 Days,None,<div class="product_detail_columns tinyscrl" itemprop="description" style=""><div class="scrollbar" style="width:2px; height:250px; background:#9E9E9E;"><div class="track" style="width:2px;"><div class="thumb" style="width:6px;"><div class="end"> </div></div></div></div><div class="viewport" style=" height:250px; width:252px; font-family:Arial !important;"><div class="overview" style="text-align:justify; display:block;"><div>Full Embroidery Work Design And Attractive Color Combination With Full Sleeve Salwaar Suit </div></div></div> </div>,,16:04:2014,
351403,adah fashions green georgette dress materials,http://www.yebhi.com/online-shopping/women/dress-materials/sarees/salwar-kameez-set/kurta-kurtis/leggings-and-jeggings.html?affint=women-topmenu,2501,Traditional-Ethnic,sarees,adah-fashions,http://im6.ybndc.com/upload/351403/ProductRear635139098929261732.jpg,2501,,Women,http://www.yebhi.com/351403/PD/adah-fashions-green-georgette-dress-materials.htm,yebhi.com,Adah Fashions Green Georgette - Dress Materials Buy Online,Adah Fashions Green Georgette - Dress Materials  Best Price Rs 2501.00  EMI Rs 417 for 6 months FREE Shipping In Stock - Delivery in 13-17 Days,None,<div class="product_detail_columns tinyscrl" itemprop="description" style=""><div class="scrollbar" style="width:2px; height:250px; background:#9E9E9E;"><div class="track" style="width:2px;"><div class="thumb" style="width:6px;"><div class="end"> </div></div></div></div><div class="viewport" style=" height:250px; width:252px; font-family:Arial !important;"><div class="overview" style="text-align:justify; display:block;"><div>The best of Indian wear exclusively for women - a whole range of designer Sarees   beautiful Salwar Kameez collection handpicked from across all over the country. With its modern yet contemporary designs  color combinations and elegant look. </div></div></div> </div>,,16:04:2014,
351304,adah fashions purple art silk sarees,http://www.yebhi.com/online-shopping/women/dress-materials/sarees/salwar-kameez-set/kurta-kurtis/leggings-and-jeggings.html?affint=women-topmenu,834,Traditional-Ethnic,sarees,adah-fashions,http://im6.ybndc.com/upload/351304/ProductRear635139106582465732.jpg,834,,Women,http://www.yebhi.com/351304/PD/adah-fashions-purple-art-silk-sarees.htm,yebhi.com,Adah Fashions Purple Art Silk - Sarees Buy Online,Adah Fashions Purple Art Silk - Sarees  Best Price Rs 834.00  EMI Rs 139 for 6 months FREE Shipping In Stock - Delivery in 13-17 Days,None,<div class="product_detail_columns tinyscrl" itemprop="description" style=""><div class="scrollbar" style="width:2px; height:250px; background:#9E9E9E;"><div class="track" style="width:2px;"><div class="thumb" style="width:6px;"><div class="end"> </div></div></div></div><div class="viewport" style=" height:250px; width:252px; font-family:Arial !important;"><div class="overview" style="text-align:justify; display:block;"><div>The best of Indian wear exclusively for women - a whole range of designer Sarees   beautiful Salwar Kameez collection handpicked from across all over the country. With its modern yet contemporary designs  color combinations and elegant look. </div></div></div> </div>,,16:04:2014,
351342,adah fashions yellow georgette dress materials,http://www.yebhi.com/online-shopping/women/dress-materials/sarees/salwar-kameez-set/kurta-kurtis/leggings-and-jeggings.html?affint=women-topmenu,2964,Traditional-Ethnic,sarees,adah-fashions,http://im6.ybndc.com/upload/351342/ProductRear635139114680425732.jpg,2964,,Women,http://www.yebhi.com/351342/PD/adah-fashions-yellow-georgette-dress-materials.htm,yebhi.com,Adah Fashions Yellow Georgette - Dress Materials Buy Online,Adah Fashions Yellow Georgette - Dress Materials  Best Price Rs 2964.00  EMI Rs 494 for 6 months FREE Shipping In Stock - Delivery in 13-17 Days,None,<div class="product_detail_columns tinyscrl" itemprop="description" style=""><div class="scrollbar" style="width:2px; height:250px; background:#9E9E9E;"><div class="track" style="width:2px;"><div class="thumb" style="width:6px;"><div class="end"> </div></div></div></div><div class="viewport" style=" height:250px; width:252px; font-family:Arial !important;"><div class="overview" style="text-align:justify; display:block;"><div>The best of Indian wear exclusively for women - a whole range of designer Sarees   beautiful Salwar Kameez collection handpicked from across all over the country. With its modern yet contemporary designs  color combinations and elegant look. </div></div></div> </div>,,16:04:2014,
467348,adah fashions pink dress materials,http://www.yebhi.com/online-shopping/women/dress-materials/sarees/salwar-kameez-set/kurta-kurtis/leggings-and-jeggings.html?affint=women-topmenu,2338,Traditional-Ethnic,sarees,adah-fashions,http://im6.ybndc.com/upload/467348/ProductRear635285999562446000.jpg,2338,,Women,http://www.yebhi.com/467348/PD/adah-fashions-pink-dress-materials.htm,yebhi.com,Adah Fashions Pink - Dress Materials Buy Online,Adah Fashions Pink - Dress Materials  Best Price Rs 2338.00  EMI Rs 390 for 6 months FREE Shipping In Stock - Delivery in 6-8 Days,None,<div class="product_detail_columns tinyscrl" itemprop="description" style=""><div class="scrollbar" style="width:2px; height:250px; background:#9E9E9E;"><div class="track" style="width:2px;"><div class="thumb" style="width:6px;"><div class="end"> </div></div></div></div><div class="viewport" style=" height:250px; width:252px; font-family:Arial !important;"><div class="overview" style="text-align:justify; display:block;"><div>Colorful Embroidery Design With Perfect Printed Design Cotton Salwaar Suit </div></div></div> </div>,,16:04:2014,
467325,adah fashions green dress materials,http://www.yebhi.com/online-shopping/women/dress-materials/sarees/salwar-kameez-set/kurta-kurtis/leggings-and-jeggings.html?affint=women-topmenu,5754,Traditional-Ethnic,sarees,adah-fashions,http://im6.ybndc.com/upload/467325/ProductRear635285999506442000.jpg,5754,,Women,http://www.yebhi.com/467325/PD/adah-fashions-green-dress-materials.htm,yebhi.com,Adah Fashions Green - Dress Materials Buy Online,Adah Fashions Green - Dress Materials  Best Price Rs 5754.00  EMI Rs 959 for 6 months FREE Shipping In Stock - Delivery in 6-8 Days,None,<div class="product_detail_columns tinyscrl" itemprop="description" style=""><div class="scrollbar" style="width:2px; height:250px; background:#9E9E9E;"><div class="track" style="width:2px;"><div class="thumb" style="width:6px;"><div class="end"> </div></div></div></div><div class="viewport" style=" height:250px; width:252px; font-family:Arial !important;"><div class="overview" style="text-align:justify; display:block;"><div>This Season &amp; Your Look Gets Better Definition With Just A Little Attention To Detail. Real Beauty Comes Out From Your Dressing Style With This Honeydew Net Salwar Kameez. The Lovely Floral Patch  Patch Work  Resham  Sequins &amp; Stones Work Throughout The Attire Is Awe-Inspiring. </div></div></div> </div>,,16:04:2014,
467377,adah fashions red georgette dress materials,http://www.yebhi.com/online-shopping/women/dress-materials/sarees/salwar-kameez-set/kurta-kurtis/leggings-and-jeggings.html?affint=women-topmenu,3800,Traditional-Ethnic,sarees,adah-fashions,http://im6.ybndc.com/upload/467377/ProductRear635285999573054000.jpg,3800,,Women,http://www.yebhi.com/467377/PD/adah-fashions-red-georgette-dress-materials.htm,yebhi.com,Adah Fashions Red Georgette - Dress Materials Buy Online,Adah Fashions Red Georgette - Dress Materials  Best Price Rs 3800.00  EMI Rs 633 for 6 months FREE Shipping In Stock - Delivery in 6-8 Days,None,<div class="product_detail_columns tinyscrl" itemprop="description" style=""><div class="scrollbar" style="width:2px; height:250px; background:#9E9E9E;"><div class="track" style="width:2px;"><div class="thumb" style="width:6px;"><div class="end"> </div></div></div></div><div class="viewport" style=" height:250px; width:252px; font-family:Arial !important;"><div class="overview" style="text-align:justify; display:block;"><div>Full Sleeve Embroidery Work &amp; Thread Work Design With Attractive Border Design </div></div></div> </div>,,16:04:2014,
467333,adah fashions green georgette dress materials,http://www.yebhi.com/online-shopping/women/dress-materials/sarees/salwar-kameez-set/kurta-kurtis/leggings-and-jeggings.html?affint=women-topmenu,2446,Traditional-Ethnic,sarees,adah-fashions,http://im6.ybndc.com/upload/467333/ProductRear635285999526410000.jpg,2446,,Women,http://www.yebhi.com/467333/PD/adah-fashions-green-georgette-dress-materials.htm,yebhi.com,Adah Fashions Green Georgette - Dress Materials Buy Online,Adah Fashions Green Georgette - Dress Materials  Best Price Rs 2446.00  EMI Rs 408 for 6 months FREE Shipping In Stock - Delivery in 6-8 Days,None,<div class="product_detail_columns tinyscrl" itemprop="description" style=""><div class="scrollbar" style="width:2px; height:250px; background:#9E9E9E;"><div class="track" style="width:2px;"><div class="thumb" style="width:6px;"><div class="end"> </div></div></div></div><div class="viewport" style=" height:250px; width:252px; font-family:Arial !important;"><div class="overview" style="text-align:justify; display:block;"><div>Embroidery &amp; Jari work Design Salwaar Kameez </div></div></div> </div>,,16:04:2014,
467295,adah fashions yellow georgette dress materials,http://www.yebhi.com/online-shopping/women/dress-materials/sarees/salwar-kameez-set/kurta-kurtis/leggings-and-jeggings.html?affint=women-topmenu,4677,Traditional-Ethnic,sarees,adah-fashions,http://im6.ybndc.com/upload/467295/ProductRear635285999436398000.jpg,4677,,Women,http://www.yebhi.com/467295/PD/adah-fashions-yellow-georgette-dress-materials.htm,yebhi.com,Adah Fashions Yellow Georgette - Dress Materials Buy Online,Adah Fashions Yellow Georgette - Dress Materials  Best Price Rs 4677.00  EMI Rs 780 for 6 months FREE Shipping In Stock - Delivery in 6-8 Days,None,<div class="product_detail_columns tinyscrl" itemprop="description" style=""><div class="scrollbar" style="width:2px; height:250px; background:#9E9E9E;"><div class="track" style="width:2px;"><div class="thumb" style="width:6px;"><div class="end"> </div></div></div></div><div class="viewport" style=" height:250px; width:252px; font-family:Arial !important;"><div class="overview" style="text-align:justify; display:block;"><div> Butta Work  Resham  Stones </div></div></div> </div>,,16:04:2014,
467339,adah fashions pink georgette dress materials,http://www.yebhi.com/online-shopping/women/dress-materials/sarees/salwar-kameez-set/kurta-kurtis/leggings-and-jeggings.html?affint=women-topmenu,2077,Traditional-Ethnic,sarees,adah-fashions,http://im6.ybndc.com/upload/467339/ProductRear635285999540762000.jpg,2077,,Women,http://www.yebhi.com/467339/PD/adah-fashions-pink-georgette-dress-materials.htm,yebhi.com,Adah Fashions Pink Georgette - Dress Materials Buy Online,Adah Fashions Pink Georgette - Dress Materials  Best Price Rs 2077.00  EMI Rs 346 for 6 months FREE Shipping In Stock - Delivery in 6-8 Days,None,<div class="product_detail_columns tinyscrl" itemprop="description" style=""><div class="scrollbar" style="width:2px; height:250px; background:#9E9E9E;"><div class="track" style="width:2px;"><div class="thumb" style="width:6px;"><div class="end"> </div></div></div></div><div class="viewport" style=" height:250px; width:252px; font-family:Arial !important;"><div class="overview" style="text-align:justify; display:block;"><div>Embroidery &amp; Jari work Design Salwaar Kameez </div></div></div> </div>,,16:04:2014,
467335,adah fashions pink georgette dress materials,http://www.yebhi.com/online-shopping/women/dress-materials/sarees/salwar-kameez-set/kurta-kurtis/leggings-and-jeggings.html?affint=women-topmenu,2200,Traditional-Ethnic,sarees,adah-fashions,http://im6.ybndc.com/upload/467335/ProductRear635285999531402000.jpg,2200,,Women,http://www.yebhi.com/467335/PD/adah-fashions-pink-georgette-dress-materials.htm,yebhi.com,Adah Fashions Pink Georgette - Dress Materials Buy Online,Adah Fashions Pink Georgette - Dress Materials  Best Price Rs 2200.00  EMI Rs 367 for 6 months FREE Shipping In Stock - Delivery in 6-8 Days,None,<div class="product_detail_columns tinyscrl" itemprop="description" style=""><div class="scrollbar" style="width:2px; height:250px; background:#9E9E9E;"><div class="track" style="width:2px;"><div class="thumb" style="width:6px;"><div class="end"> </div></div></div></div><div class="viewport" style=" height:250px; width:252px; font-family:Arial !important;"><div class="overview" style="text-align:justify; display:block;"><div>Embroidery &amp; Jari work Design Salwaar Kameez </div></div></div> </div>,,16:04:2014,
467332,adah fashions yellow georgette dress materials,http://www.yebhi.com/online-shopping/women/dress-materials/sarees/salwar-kameez-set/kurta-kurtis/leggings-and-jeggings.html?affint=women-topmenu,2446,Traditional-Ethnic,sarees,adah-fashions,http://im6.ybndc.com/upload/467332/ProductRear635285999524226000.jpg,2446,,Women,http://www.yebhi.com/467332/PD/adah-fashions-yellow-georgette-dress-materials.htm,yebhi.com,Adah Fashions Yellow Georgette - Dress Materials Buy Online,Adah Fashions Yellow Georgette - Dress Materials  Best Price Rs 2446.00  EMI Rs 408 for 6 months FREE Shipping In Stock - Delivery in 6-8 Days,None,<div class="product_detail_columns tinyscrl" itemprop="description" style=""><div class="scrollbar" style="width:2px; height:250px; background:#9E9E9E;"><div class="track" style="width:2px;"><div class="thumb" style="width:6px;"><div class="end"> </div></div></div></div><div class="viewport" style=" height:250px; width:252px; font-family:Arial !important;"><div class="overview" style="text-align:justify; display:block;"><div>Embroidery &amp; Jari work Design Salwaar Kameez </div></div></div> </div>,,16:04:2014,
467314,adah fashions pink dress materials,http://www.yebhi.com/online-shopping/women/dress-materials/sarees/salwar-kameez-set/kurta-kurtis/leggings-and-jeggings.html?affint=women-topmenu,4862,Traditional-Ethnic,sarees,adah-fashions,http://im6.ybndc.com/upload/467314/ProductRear635285999477894000.jpg,4862,,Women,http://www.yebhi.com/467314/PD/adah-fashions-pink-dress-materials.htm,yebhi.com,Adah Fashions Pink - Dress Materials Buy Online,Adah Fashions Pink - Dress Materials  Best Price Rs 4862.00  EMI Rs 810 for 6 months FREE Shipping In Stock - Delivery in 6-8 Days,None,<div class="product_detail_columns tinyscrl" itemprop="description" style=""><div class="scrollbar" style="width:2px; height:250px; background:#9E9E9E;"><div class="track" style="width:2px;"><div class="thumb" style="width:6px;"><div class="end"> </div></div></div></div><div class="viewport" style=" height:250px; width:252px; font-family:Arial !important;"><div class="overview" style="text-align:justify; display:block;"><div>Bring Out The True Diva In You And Reinvent Your True Self. Be Your Own Style Icon With Captivating Pink Net &amp; Satin Salwar Kameez. The Lovely Floral Patch  Resham &amp; Sequins Work Throughout The Attire Is Awe-Inspiring. </div></div></div> </div>,,16:04:2014,
467341,adah fashions red georgette dress materials,http://www.yebhi.com/online-shopping/women/dress-materials/sarees/salwar-kameez-set/kurta-kurtis/leggings-and-jeggings.html?affint=women-topmenu,2200,Traditional-Ethnic,sarees,adah-fashions,http://im6.ybndc.com/upload/467341/ProductRear635285999546066000.jpg,2200,,Women,http://www.yebhi.com/467341/PD/adah-fashions-red-georgette-dress-materials.htm,yebhi.com,Adah Fashions Red Georgette - Dress Materials Buy Online,Adah Fashions Red Georgette - Dress Materials  Best Price Rs 2200.00  EMI Rs 367 for 6 months FREE Shipping In Stock - Delivery in 6-8 Days,None,<div class="product_detail_columns tinyscrl" itemprop="description" style=""><div class="scrollbar" style="width:2px; height:250px; background:#9E9E9E;"><div class="track" style="width:2px;"><div class="thumb" style="width:6px;"><div class="end"> </div></div></div></div><div class="viewport" style=" height:250px; width:252px; font-family:Arial !important;"><div class="overview" style="text-align:justify; display:block;"><div>Embroidery &amp; Jari work Design Salwaar Kameez </div></div></div> </div>,,16:04:2014,
467324,adah fashions pink dress materials,http://www.yebhi.com/online-shopping/women/dress-materials/sarees/salwar-kameez-set/kurta-kurtis/leggings-and-jeggings.html?affint=women-topmenu,5431,Traditional-Ethnic,sarees,adah-fashions,http://im6.ybndc.com/upload/467324/ProductRear635285999503790000.jpg,5431,,Women,http://www.yebhi.com/467324/PD/adah-fashions-pink-dress-materials.htm,yebhi.com,Adah Fashions Pink - Dress Materials Buy Online,Adah Fashions Pink - Dress Materials  Best Price Rs 5431.00  EMI Rs 905 for 6 months FREE Shipping In Stock - Delivery in 6-8 Days,None,<div class="product_detail_columns tinyscrl" itemprop="description" style=""><div class="scrollbar" style="width:2px; height:250px; background:#9E9E9E;"><div class="track" style="width:2px;"><div class="thumb" style="width:6px;"><div class="end"> </div></div></div></div><div class="viewport" style=" height:250px; width:252px; font-family:Arial !important;"><div class="overview" style="text-align:justify; display:block;"><div>Enchant The Mantra Of Being Stylish In This Attire. Be The Center Of Attraction With This Red &amp; Steel Blue Faux Georgette Salwar Kameez. The Brilliant Attire Creates A Dramatic Canvas With Amazing Bead  Gold Zardosi  Resham  Sequins &amp; Stones Work. </div></div></div> </div>,,16:04:2014,
467376,adah fashions yellow georgette dress materials,http://www.yebhi.com/online-shopping/women/dress-materials/sarees/salwar-kameez-set/kurta-kurtis/leggings-and-jeggings.html?affint=women-topmenu,4415,Traditional-Ethnic,sarees,adah-fashions,http://im6.ybndc.com/upload/467376/ProductRear635285999569466000.jpg,4415,,Women,http://www.yebhi.com/467376/PD/adah-fashions-yellow-georgette-dress-materials.htm,yebhi.com,Adah Fashions Yellow Georgette - Dress Materials Buy Online,Adah Fashions Yellow Georgette - Dress Materials  Best Price Rs 4415.00  EMI Rs 736 for 6 months FREE Shipping In Stock - Delivery in 6-8 Days,None,<div class="product_detail_columns tinyscrl" itemprop="description" style=""><div class="scrollbar" style="width:2px; height:250px; background:#9E9E9E;"><div class="track" style="width:2px;"><div class="thumb" style="width:6px;"><div class="end"> </div></div></div></div><div class="viewport" style=" height:250px; width:252px; font-family:Arial !important;"><div class="overview" style="text-align:justify; display:block;"><div>Embroidery Work Design With Full Sleeve Salwaar Suit. </div></div></div> </div>,,16:04:2014,
351323,adah fashions purple art silk sarees,http://www.yebhi.com/online-shopping/women/dress-materials/sarees/salwar-kameez-set/kurta-kurtis/leggings-and-jeggings.html?affint=women-topmenu,834,Traditional-Ethnic,sarees,adah-fashions,http://im6.ybndc.com/upload/351323/ProductRear635139109800589732.jpg,834,,Women,http://www.yebhi.com/351323/PD/adah-fashions-purple-art-silk-sarees.htm,yebhi.com,Adah Fashions Purple Art Silk - Sarees Buy Online,Adah Fashions Purple Art Silk - Sarees  Best Price Rs 834.00  EMI Rs 139 for 6 months FREE Shipping In Stock - Delivery in 13-17 Days,None,<div class="product_detail_columns tinyscrl" itemprop="description" style=""><div class="scrollbar" style="width:2px; height:250px; background:#9E9E9E;"><div class="track" style="width:2px;"><div class="thumb" style="width:6px;"><div class="end"> </div></div></div></div><div class="viewport" style=" height:250px; width:252px; font-family:Arial !important;"><div class="overview" style="text-align:justify; display:block;"><div>The best of Indian wear exclusively for women - a whole range of designer Sarees   beautiful Salwar Kameez collection handpicked from across all over the country. With its modern yet contemporary designs  color combinations and elegant look. </div></div></div> </div>,,16:04:2014,
467327,adah fashions red dress materials,http://www.yebhi.com/online-shopping/women/dress-materials/sarees/salwar-kameez-set/kurta-kurtis/leggings-and-jeggings.html?affint=women-topmenu,3300,Traditional-Ethnic,sarees,adah-fashions,http://im6.ybndc.com/upload/467327/ProductRear635285999511434000.jpg,3300,,Women,http://www.yebhi.com/467327/PD/adah-fashions-red-dress-materials.htm,yebhi.com,Adah Fashions Red - Dress Materials Buy Online,Adah Fashions Red - Dress Materials  Best Price Rs 3300.00  EMI Rs 550 for 6 months FREE Shipping In Stock - Delivery in 6-8 Days,None,<div class="product_detail_columns tinyscrl" itemprop="description" style=""><div class="scrollbar" style="width:2px; height:250px; background:#9E9E9E;"><div class="track" style="width:2px;"><div class="thumb" style="width:6px;"><div class="end"> </div></div></div></div><div class="viewport" style=" height:250px; width:252px; font-family:Arial !important;"><div class="overview" style="text-align:justify; display:block;"><div>Golden Embroidery Work Design in Lace  Full Sleeve Embroidery Work Anarkali Salwaar Suit  </div></div></div> </div>,,16:04:2014,
467375,adah fashions beige georgette dress materials,http://www.yebhi.com/online-shopping/women/dress-materials/sarees/salwar-kameez-set/kurta-kurtis/leggings-and-jeggings.html?affint=women-topmenu,4246,Traditional-Ethnic,sarees,adah-fashions,http://im6.ybndc.com/upload/467375/ProductRear635285999567438000.jpg,4246,,Women,http://www.yebhi.com/467375/PD/adah-fashions-beige-georgette-dress-materials.htm,yebhi.com,Adah Fashions Beige Georgette - Dress Materials Buy Online,Adah Fashions Beige Georgette - Dress Materials  Best Price Rs 4246.00  EMI Rs 708 for 6 months FREE Shipping In Stock - Delivery in 6-8 Days,None,<div class="product_detail_columns tinyscrl" itemprop="description" style=""><div class="scrollbar" style="width:2px; height:250px; background:#9E9E9E;"><div class="track" style="width:2px;"><div class="thumb" style="width:6px;"><div class="end"> </div></div></div></div><div class="viewport" style=" height:250px; width:252px; font-family:Arial !important;"><div class="overview" style="text-align:justify; display:block;"><div>Embroidery Work Design With Full Sleeve Salwaar Suit. </div></div></div> </div>,,16:04:2014,
467378,adah fashions pink georgette dress materials,http://www.yebhi.com/online-shopping/women/dress-materials/sarees/salwar-kameez-set/kurta-kurtis/leggings-and-jeggings.html?affint=women-topmenu,4462,Traditional-Ethnic,sarees,adah-fashions,http://im6.ybndc.com/upload/467378/ProductRear635285999576486000.jpg,4462,,Women,http://www.yebhi.com/467378/PD/adah-fashions-pink-georgette-dress-materials.htm,yebhi.com,Adah Fashions Pink Georgette - Dress Materials Buy Online,Adah Fashions Pink Georgette - Dress Materials  Best Price Rs 4462.00  EMI Rs 744 for 6 months FREE Shipping In Stock - Delivery in 6-8 Days,None,<div class="product_detail_columns tinyscrl" itemprop="description" style=""><div class="scrollbar" style="width:2px; height:250px; background:#9E9E9E;"><div class="track" style="width:2px;"><div class="thumb" style="width:6px;"><div class="end"> </div></div></div></div><div class="viewport" style=" height:250px; width:252px; font-family:Arial !important;"><div class="overview" style="text-align:justify; display:block;"><div>Embroidery Work Design With Full Sleeve Salwaar Suit  With Embroidery Work In Chiffon Dupatta </div></div></div> </div>,,16:04:2014,
351309,adah fashions pink art silk sarees,http://www.yebhi.com/online-shopping/women/dress-materials/sarees/salwar-kameez-set/kurta-kurtis/leggings-and-jeggings.html?affint=women-topmenu,834,Traditional-Ethnic,sarees,adah-fashions,http://im6.ybndc.com/upload/351309/ProductRear635139107217853732.jpg,834,,Women,http://www.yebhi.com/351309/PD/adah-fashions-pink-art-silk-sarees.htm,yebhi.com,Adah Fashions Pink Art Silk - Sarees Buy Online,Adah Fashions Pink Art Silk - Sarees  Best Price Rs 834.00  EMI Rs 139 for 6 months FREE Shipping In Stock - Delivery in 13-17 Days,None,<div class="product_detail_columns tinyscrl" itemprop="description" style=""><div class="scrollbar" style="width:2px; height:250px; background:#9E9E9E;"><div class="track" style="width:2px;"><div class="thumb" style="width:6px;"><div class="end"> </div></div></div></div><div class="viewport" style=" height:250px; width:252px; font-family:Arial !important;"><div class="overview" style="text-align:justify; display:block;"><div>The best of Indian wear exclusively for women - a whole range of designer Sarees   beautiful Salwar Kameez collection handpicked from across all over the country. With its modern yet contemporary designs  color combinations and elegant look. </div></div></div> </div>,,16:04:2014,
467389,adah fashions green cotton dress materials,http://www.yebhi.com/online-shopping/women/dress-materials/sarees/salwar-kameez-set/kurta-kurtis/leggings-and-jeggings.html?affint=women-topmenu,2200,Traditional-Ethnic,sarees,adah-fashions,http://im6.ybndc.com/upload/467389/ProductRear635285999605502000.jpg,2200,,Women,http://www.yebhi.com/467389/PD/adah-fashions-green-cotton-dress-materials.htm,yebhi.com,Adah Fashions Green Cotton - Dress Materials Buy Online,Adah Fashions Green Cotton - Dress Materials  Best Price Rs 2200.00  EMI Rs 367 for 6 months FREE Shipping In Stock - Delivery in 6-8 Days,None,<div class="product_detail_columns tinyscrl" itemprop="description" style=""><div class="scrollbar" style="width:2px; height:250px; background:#9E9E9E;"><div class="track" style="width:2px;"><div class="thumb" style="width:6px;"><div class="end"> </div></div></div></div><div class="viewport" style=" height:250px; width:252px; font-family:Arial !important;"><div class="overview" style="text-align:justify; display:block;"><div>Pure Cotton Printed And Embroid Work Salwaar Suit </div></div></div> </div>,,16:04:2014,
351317,adah fashions green art silk sarees,http://www.yebhi.com/online-shopping/women/dress-materials/sarees/salwar-kameez-set/kurta-kurtis/leggings-and-jeggings.html?affint=women-topmenu,834,Traditional-Ethnic,sarees,adah-fashions,http://im6.ybndc.com/upload/351317/ProductRear635139108298933732.jpg,834,,Women,http://www.yebhi.com/351317/PD/adah-fashions-green-art-silk-sarees.htm,yebhi.com,Adah Fashions Green Art Silk - Sarees Buy Online,Adah Fashions Green Art Silk - Sarees  Best Price Rs 834.00  EMI Rs 139 for 6 months FREE Shipping In Stock - Delivery in 13-17 Days,None,<div class="product_detail_columns tinyscrl" itemprop="description" style=""><div class="scrollbar" style="width:2px; height:250px; background:#9E9E9E;"><div class="track" style="width:2px;"><div class="thumb" style="width:6px;"><div class="end"> </div></div></div></div><div class="viewport" style=" height:250px; width:252px; font-family:Arial !important;"><div class="overview" style="text-align:justify; display:block;"><div>The best of Indian wear exclusively for women - a whole range of designer Sarees   beautiful Salwar Kameez collection handpicked from across all over the country. With its modern yet contemporary designs  color combinations and elegant look. </div></div></div> </div>,,16:04:2014,
351314,adah fashions purple art silk sarees,http://www.yebhi.com/online-shopping/women/dress-materials/sarees/salwar-kameez-set/kurta-kurtis/leggings-and-jeggings.html?affint=women-topmenu,834,Traditional-Ethnic,sarees,adah-fashions,http://im6.ybndc.com/upload/351314/ProductRear635139107838421732.jpg,834,,Women,http://www.yebhi.com/351314/PD/adah-fashions-purple-art-silk-sarees.htm,yebhi.com,Adah Fashions Purple Art Silk - Sarees Buy Online,Adah Fashions Purple Art Silk - Sarees  Best Price Rs 834.00  EMI Rs 139 for 6 months FREE Shipping In Stock - Delivery in 13-17 Days,None,<div class="product_detail_columns tinyscrl" itemprop="description" style=""><div class="scrollbar" style="width:2px; height:250px; background:#9E9E9E;"><div class="track" style="width:2px;"><div class="thumb" style="width:6px;"><div class="end"> </div></div></div></div><div class="viewport" style=" height:250px; width:252px; font-family:Arial !important;"><div class="overview" style="text-align:justify; display:block;"><div>The best of Indian wear exclusively for women - a whole range of designer Sarees   beautiful Salwar Kameez collection handpicked from across all over the country. With its modern yet contemporary designs  color combinations and elegant look. </div></div></div> </div>,,16:04:2014,
467396,adah fashions green cotton dress materials,http://www.yebhi.com/online-shopping/women/dress-materials/sarees/salwar-kameez-set/kurta-kurtis/leggings-and-jeggings.html?affint=women-topmenu,2031,Traditional-Ethnic,sarees,adah-fashions,http://im6.ybndc.com/upload/467396/ProductRear635285999621882000.jpg,2031,,Women,http://www.yebhi.com/467396/PD/adah-fashions-green-cotton-dress-materials.htm,yebhi.com,Adah Fashions Green Cotton - Dress Materials Buy Online,Adah Fashions Green Cotton - Dress Materials  Best Price Rs 2031.00  EMI Rs 339 for 6 months FREE Shipping In Stock - Delivery in 6-8 Days,None,<div class="product_detail_columns tinyscrl" itemprop="description" style=""><div class="scrollbar" style="width:2px; height:250px; background:#9E9E9E;"><div class="track" style="width:2px;"><div class="thumb" style="width:6px;"><div class="end"> </div></div></div></div><div class="viewport" style=" height:250px; width:252px; font-family:Arial !important;"><div class="overview" style="text-align:justify; display:block;"><div>Pure Cotton Printed And Embroid Work Salwaar Suit </div></div></div> </div>,,16:04:2014,
467385,adah fashions pink georgette dress materials,http://www.yebhi.com/online-shopping/women/dress-materials/sarees/salwar-kameez-set/kurta-kurtis/leggings-and-jeggings.html?affint=women-topmenu,3831,Traditional-Ethnic,sarees,adah-fashions,http://im6.ybndc.com/upload/467385/ProductRear635285999594738000.jpg,3831,,Women,http://www.yebhi.com/467385/PD/adah-fashions-pink-georgette-dress-materials.htm,yebhi.com,Adah Fashions Pink Georgette - Dress Materials Buy Online,Adah Fashions Pink Georgette - Dress Materials  Best Price Rs 3831.00  EMI Rs 639 for 6 months FREE Shipping In Stock - Delivery in 6-8 Days,None,<div class="product_detail_columns tinyscrl" itemprop="description" style=""><div class="scrollbar" style="width:2px; height:250px; background:#9E9E9E;"><div class="track" style="width:2px;"><div class="thumb" style="width:6px;"><div class="end"> </div></div></div></div><div class="viewport" style=" height:250px; width:252px; font-family:Arial !important;"><div class="overview" style="text-align:justify; display:block;"><div>Embroidery Work Design With Attractive Color Combination Salwaar Suit. </div></div></div> </div>,,16:04:2014,
351316,adah fashions blue art silk sarees,http://www.yebhi.com/online-shopping/women/dress-materials/sarees/salwar-kameez-set/kurta-kurtis/leggings-and-jeggings.html?affint=women-topmenu,834,Traditional-Ethnic,sarees,adah-fashions,http://im6.ybndc.com/upload/351316/ProductRear635139108147769732.jpg,834,,Women,http://www.yebhi.com/351316/PD/adah-fashions-blue-art-silk-sarees.htm,yebhi.com,Adah Fashions Blue Art Silk - Sarees Buy Online,Adah Fashions Blue Art Silk - Sarees  Best Price Rs 834.00  EMI Rs 139 for 6 months FREE Shipping In Stock - Delivery in 13-17 Days,None,<div class="product_detail_columns tinyscrl" itemprop="description" style=""><div class="scrollbar" style="width:2px; height:250px; background:#9E9E9E;"><div class="track" style="width:2px;"><div class="thumb" style="width:6px;"><div class="end"> </div></div></div></div><div class="viewport" style=" height:250px; width:252px; font-family:Arial !important;"><div class="overview" style="text-align:justify; display:block;"><div>The best of Indian wear exclusively for women - a whole range of designer Sarees   beautiful Salwar Kameez collection handpicked from across all over the country. With its modern yet contemporary designs  color combinations and elegant look. </div></div></div> </div>,,16:04:2014,
467296,adah fashions black dress materials,http://www.yebhi.com/online-shopping/women/dress-materials/sarees/salwar-kameez-set/kurta-kurtis/leggings-and-jeggings.html?affint=women-topmenu,5446,Traditional-Ethnic,sarees,adah-fashions,http://im6.ybndc.com/upload/467296/ProductRear635285999438738000.jpg,5446,,Women,http://www.yebhi.com/467296/PD/adah-fashions-black-dress-materials.htm,yebhi.com,Adah Fashions Black - Dress Materials Buy Online,Adah Fashions Black - Dress Materials  Best Price Rs 5446.00  EMI Rs 908 for 6 months FREE Shipping In Stock - Delivery in 6-8 Days,None,<div class="product_detail_columns tinyscrl" itemprop="description" style=""><div class="scrollbar" style="width:2px; height:250px; background:#9E9E9E;"><div class="track" style="width:2px;"><div class="thumb" style="width:6px;"><div class="end"> </div></div></div></div><div class="viewport" style=" height:250px; width:252px; font-family:Arial !important;"><div class="overview" style="text-align:justify; display:block;"><div> Cord Work  Resham </div></div></div> </div>,,16:04:2014,
351344,adah fashions blue georgette dress materials,http://www.yebhi.com/online-shopping/women/dress-materials/sarees/salwar-kameez-set/kurta-kurtis/leggings-and-jeggings.html?affint=women-topmenu,5205,Traditional-Ethnic,sarees,adah-fashions,http://im6.ybndc.com/upload/351344/ProductRear635139083992573732.jpg,5205,,Women,http://www.yebhi.com/351344/PD/adah-fashions-blue-georgette-dress-materials.htm,yebhi.com,Adah Fashions Blue Georgette - Dress Materials Buy Online,Adah Fashions Blue Georgette - Dress Materials  Best Price Rs 5205.00  EMI Rs 868 for 6 months FREE Shipping In Stock - Delivery in 13-17 Days,None,<div class="product_detail_columns tinyscrl" itemprop="description" style=""><div class="scrollbar" style="width:2px; height:250px; background:#9E9E9E;"><div class="track" style="width:2px;"><div class="thumb" style="width:6px;"><div class="end"> </div></div></div></div><div class="viewport" style=" height:250px; width:252px; font-family:Arial !important;"><div class="overview" style="text-align:justify; display:block;"><div>The best of Indian wear exclusively for women - a whole range of designer Sarees   beautiful Salwar Kameez collection handpicked from across all over the country. With its modern yet contemporary designs  color combinations and elegant look. </div></div></div> </div>,,16:04:2014,
351348,adah fashions yellow georgette dress materials,http://www.yebhi.com/online-shopping/women/dress-materials/sarees/salwar-kameez-set/kurta-kurtis/leggings-and-jeggings.html?affint=women-topmenu,5019,Traditional-Ethnic,sarees,adah-fashions,http://im6.ybndc.com/upload/351348/ProductRear635139084588493732.jpg,5019,,Women,http://www.yebhi.com/351348/PD/adah-fashions-yellow-georgette-dress-materials.htm,yebhi.com,Adah Fashions Yellow Georgette - Dress Materials Buy Online,Adah Fashions Yellow Georgette - Dress Materials  Best Price Rs 5019.00  EMI Rs 837 for 6 months FREE Shipping In Stock - Delivery in 13-17 Days,None,<div class="product_detail_columns tinyscrl" itemprop="description" style=""><div class="scrollbar" style="width:2px; height:250px; background:#9E9E9E;"><div class="track" style="width:2px;"><div class="thumb" style="width:6px;"><div class="end"> </div></div></div></div><div class="viewport" style=" height:250px; width:252px; font-family:Arial !important;"><div class="overview" style="text-align:justify; display:block;"><div>The best of Indian wear exclusively for women - a whole range of designer Sarees   beautiful Salwar Kameez collection handpicked from across all over the country. With its modern yet contemporary designs  color combinations and elegant look. </div></div></div> </div>,,16:04:2014,
467343,adah fashions green dress materials,http://www.yebhi.com/online-shopping/women/dress-materials/sarees/salwar-kameez-set/kurta-kurtis/leggings-and-jeggings.html?affint=women-topmenu,2338,Traditional-Ethnic,sarees,adah-fashions,http://im6.ybndc.com/upload/467343/ProductRear635285999551214000.jpg,2338,,Women,http://www.yebhi.com/467343/PD/adah-fashions-green-dress-materials.htm,yebhi.com,Adah Fashions Green - Dress Materials Buy Online,Adah Fashions Green - Dress Materials  Best Price Rs 2338.00  EMI Rs 390 for 6 months FREE Shipping In Stock - Delivery in 6-8 Days,None,<div class="product_detail_columns tinyscrl" itemprop="description" style=""><div class="scrollbar" style="width:2px; height:250px; background:#9E9E9E;"><div class="track" style="width:2px;"><div class="thumb" style="width:6px;"><div class="end"> </div></div></div></div><div class="viewport" style=" height:250px; width:252px; font-family:Arial !important;"><div class="overview" style="text-align:justify; display:block;"><div>Colorful Embroidery Design With Perfect Printed Design Cotton Salwaar Suit </div></div></div> </div>,,16:04:2014,
351324,adah fashions blue art silk sarees,http://www.yebhi.com/online-shopping/women/dress-materials/sarees/salwar-kameez-set/kurta-kurtis/leggings-and-jeggings.html?affint=women-topmenu,834,Traditional-Ethnic,sarees,adah-fashions,http://im6.ybndc.com/upload/351324/ProductRear635139109888885732.jpg,834,,Women,http://www.yebhi.com/351324/PD/adah-fashions-blue-art-silk-sarees.htm,yebhi.com,Adah Fashions Blue Art Silk - Sarees Buy Online,Adah Fashions Blue Art Silk - Sarees  Best Price Rs 834.00  EMI Rs 139 for 6 months FREE Shipping In Stock - Delivery in 13-17 Days,None,<div class="product_detail_columns tinyscrl" itemprop="description" style=""><div class="scrollbar" style="width:2px; height:250px; background:#9E9E9E;"><div class="track" style="width:2px;"><div class="thumb" style="width:6px;"><div class="end"> </div></div></div></div><div class="viewport" style=" height:250px; width:252px; font-family:Arial !important;"><div class="overview" style="text-align:justify; display:block;"><div>The best of Indian wear exclusively for women - a whole range of designer Sarees   beautiful Salwar Kameez collection handpicked from across all over the country. With its modern yet contemporary designs  color combinations and elegant look. </div></div></div> </div>,,16:04:2014,
351414,adah fashions pink georgette dress materials,http://www.yebhi.com/online-shopping/women/dress-materials/sarees/salwar-kameez-set/kurta-kurtis/leggings-and-jeggings.html?affint=women-topmenu,3130,Traditional-Ethnic,sarees,adah-fashions,http://im6.ybndc.com/upload/351414/ProductRear635139104112829732.jpg,3130,,Women,http://www.yebhi.com/351414/PD/adah-fashions-pink-georgette-dress-materials.htm,yebhi.com,Adah Fashions Pink Georgette - Dress Materials Buy Online,Adah Fashions Pink Georgette - Dress Materials  Best Price Rs 3130.00  EMI Rs 522 for 6 months FREE Shipping In Stock - Delivery in 13-17 Days,None,<div class="product_detail_columns tinyscrl" itemprop="description" style=""><div class="scrollbar" style="width:2px; height:250px; background:#9E9E9E;"><div class="track" style="width:2px;"><div class="thumb" style="width:6px;"><div class="end"> </div></div></div></div><div class="viewport" style=" height:250px; width:252px; font-family:Arial !important;"><div class="overview" style="text-align:justify; display:block;"><div>The best of Indian wear exclusively for women - a whole range of designer Sarees   beautiful Salwar Kameez collection handpicked from across all over the country. With its modern yet contemporary designs  color combinations and elegant look. </div></div></div> </div>,,16:04:2014,
467342,adah fashions orange dress materials,http://www.yebhi.com/online-shopping/women/dress-materials/sarees/salwar-kameez-set/kurta-kurtis/leggings-and-jeggings.html?affint=women-topmenu,2338,Traditional-Ethnic,sarees,adah-fashions,http://im6.ybndc.com/upload/467342/ProductRear635285999548562000.jpg,2338,,Women,http://www.yebhi.com/467342/PD/adah-fashions-orange-dress-materials.htm,yebhi.com,Adah Fashions Orange - Dress Materials Buy Online,Adah Fashions Orange - Dress Materials  Best Price Rs 2338.00  EMI Rs 390 for 6 months FREE Shipping In Stock - Delivery in 6-8 Days,None,<div class="product_detail_columns tinyscrl" itemprop="description" style=""><div class="scrollbar" style="width:2px; height:250px; background:#9E9E9E;"><div class="track" style="width:2px;"><div class="thumb" style="width:6px;"><div class="end"> </div></div></div></div><div class="viewport" style=" height:250px; width:252px; font-family:Arial !important;"><div class="overview" style="text-align:justify; display:block;"><div>Colorful Embroidery Design With Perfect Printed Design Cotton Salwaar Suit </div></div></div> </div>,,16:04:2014,
380304,adah fashions orange net sarees,http://www.yebhi.com/online-shopping/women/dress-materials/sarees/salwar-kameez-set/kurta-kurtis/leggings-and-jeggings.html?affint=women-topmenu,499,Traditional-Ethnic,sarees,adah-fashions,http://im6.ybndc.com/upload/380304/ProductRear635161601973470690.jpg,499,,Women,http://www.yebhi.com/380304/PD/adah-fashions-orange-net-sarees.htm,yebhi.com,Adah Fashions Orange Net - Sarees Buy Online,Adah Fashions Orange Net - Sarees  Best Price Rs 499.00  EMI Rs 83 for 6 months,None,<div class="product_detail_columns tinyscrl" itemprop="description" style=""><div class="scrollbar" style="width:2px; height:250px; background:#9E9E9E;"><div class="track" style="width:2px;"><div class="thumb" style="width:6px;"><div class="end"> </div></div></div></div><div class="viewport" style=" height:250px; width:252px; font-family:Arial !important;"><div class="overview" style="text-align:justify; display:block;"><div>The best of Indian wear exclusively for women . A Super Net Saree With its modern yet beautiful and contemporary designs  color combinations and elegant look. </div></div></div> </div>,,16:04:2014,
380303,adah fashions red net sarees,http://www.yebhi.com/online-shopping/women/dress-materials/sarees/salwar-kameez-set/kurta-kurtis/leggings-and-jeggings.html?affint=women-topmenu,499,Traditional-Ethnic,sarees,adah-fashions,http://im6.ybndc.com/upload/380303/ProductRear635161601516387760.jpg,499,,Women,http://www.yebhi.com/380303/PD/adah-fashions-red-net-sarees.htm,yebhi.com,Adah Fashions Red Net - Sarees Buy Online,Adah Fashions Red Net - Sarees  Best Price Rs 499.00  EMI Rs 83 for 6 months,None,<div class="product_detail_columns tinyscrl" itemprop="description" style=""><div class="scrollbar" style="width:2px; height:250px; background:#9E9E9E;"><div class="track" style="width:2px;"><div class="thumb" style="width:6px;"><div class="end"> </div></div></div></div><div class="viewport" style=" height:250px; width:252px; font-family:Arial !important;"><div class="overview" style="text-align:justify; display:block;"><div>The best of Indian wear exclusively for women . A Super Net Saree With its modern yet beautiful and contemporary designs  color combinations and elegant look. </div></div></div> </div>,,16:04:2014,
467288,adah fashions green dress materials,http://www.yebhi.com/online-shopping/women/dress-materials/sarees/salwar-kameez-set/kurta-kurtis/leggings-and-jeggings.html?affint=women-topmenu,423,Traditional-Ethnic,sarees,adah-fashions,http://im6.ybndc.com/upload/467288/ProductRear635285999419706000.jpg,423,,Women,http://www.yebhi.com/467288/PD/adah-fashions-green-dress-materials.htm,yebhi.com,Adah Fashions Green - Dress Materials Buy Online,Adah Fashions Green - Dress Materials  Best Price Rs 423.00  EMI Rs 71 for 6 months,None,<div class="product_detail_columns tinyscrl" itemprop="description" style=""><div class="scrollbar" style="width:2px; height:250px; background:#9E9E9E;"><div class="track" style="width:2px;"><div class="thumb" style="width:6px;"><div class="end"> </div></div></div></div><div class="viewport" style=" height:250px; width:252px; font-family:Arial !important;"><div class="overview" style="text-align:justify; display:block;"><div>Georgette Anarkali Suit With  Embroided Sleeves &amp; Yock With Georgette Dupatta </div></div></div> </div>,,16:04:2014,
467380,adah fashions yellow georgette dress materials,http://www.yebhi.com/online-shopping/women/dress-materials/sarees/salwar-kameez-set/kurta-kurtis/leggings-and-jeggings.html?affint=women-topmenu,3985,Traditional-Ethnic,sarees,adah-fashions,http://im6.ybndc.com/upload/467380/ProductRear635285999581478000.jpg,3985,,Women,http://www.yebhi.com/467380/PD/adah-fashions-yellow-georgette-dress-materials.htm,yebhi.com,Adah Fashions Yellow Georgette - Dress Materials Buy Online,Adah Fashions Yellow Georgette - Dress Materials  Best Price Rs 3985.00  EMI Rs 664 for 6 months FREE Shipping In Stock - Delivery in 6-8 Days,None,<div class="product_detail_columns tinyscrl" itemprop="description" style=""><div class="scrollbar" style="width:2px; height:250px; background:#9E9E9E;"><div class="track" style="width:2px;"><div class="thumb" style="width:6px;"><div class="end"> </div></div></div></div><div class="viewport" style=" height:250px; width:252px; font-family:Arial !important;"><div class="overview" style="text-align:justify; display:block;"><div>Embroidery Work Design And Attractive Color Combination With Full Sleeve Salwaar Suit. </div></div></div> </div>,,16:04:2014,
467316,adah fashions beige dress materials,http://www.yebhi.com/online-shopping/women/dress-materials/sarees/salwar-kameez-set/kurta-kurtis/leggings-and-jeggings.html?affint=women-topmenu,4862,Traditional-Ethnic,sarees,adah-fashions,http://im6.ybndc.com/upload/467316/ProductRear635285999483354000.jpg,4862,,Women,http://www.yebhi.com/467316/PD/adah-fashions-beige-dress-materials.htm,yebhi.com,Adah Fashions Beige - Dress Materials Buy Online,Adah Fashions Beige - Dress Materials  Best Price Rs 4862.00  EMI Rs 810 for 6 months FREE Shipping In Stock - Delivery in 6-8 Days,None,<div class="product_detail_columns tinyscrl" itemprop="description" style=""><div class="scrollbar" style="width:2px; height:250px; background:#9E9E9E;"><div class="track" style="width:2px;"><div class="thumb" style="width:6px;"><div class="end"> </div></div></div></div><div class="viewport" style=" height:250px; width:252px; font-family:Arial !important;"><div class="overview" style="text-align:justify; display:block;"><div>Enchant The Mantra Of Being Stylish In This Attire. All Of This Accenting The Feminine Beauty  With This Beige Net &amp; Satin Salwar Kameez. Beautified &amp; Stylized With Bead  Floral Patch  Resham &amp; Sequins Work To Give You An Attractive Look. </div></div></div> </div>,,16:04:2014,
351405,adah fashions yellow georgette dress materials,http://www.yebhi.com/online-shopping/women/dress-materials/sarees/salwar-kameez-set/kurta-kurtis/leggings-and-jeggings.html?affint=women-topmenu,2945,Traditional-Ethnic,sarees,adah-fashions,http://im6.ybndc.com/upload/351405/ProductRear635139099393673732.jpg,2945,,Women,http://www.yebhi.com/351405/PD/adah-fashions-yellow-georgette-dress-materials.htm,yebhi.com,Adah Fashions Yellow Georgette - Dress Materials Buy Online,Adah Fashions Yellow Georgette - Dress Materials  Best Price Rs 2945.00  EMI Rs 491 for 6 months FREE Shipping In Stock - Delivery in 13-17 Days,None,<div class="product_detail_columns tinyscrl" itemprop="description" style=""><div class="scrollbar" style="width:2px; height:250px; background:#9E9E9E;"><div class="track" style="width:2px;"><div class="thumb" style="width:6px;"><div class="end"> </div></div></div></div><div class="viewport" style=" height:250px; width:252px; font-family:Arial !important;"><div class="overview" style="text-align:justify; display:block;"><div>This Salwar Kameez dupatta set in a combo of <b>yellow and pink colour</b> from <b>Adah Fashions</b> is crafted with <b>polyester.</b> The set features <b>a yellow kurti with embroidered detailing on the sleeves  neckline and hem and pink salwar piece and pink and blue dupatta.</b><br/><br/><b>Features</b><ul style="margin-left: 20px;"><li type="disc"><b>Brand:</b>Adah Fashions</li><li type="disc"><b>Category:</b>  Traditional and Ethnic Wear</li><li type="disc"><b>Type:</b> Salwar Kameez Set</li><li type="disc"><b>Fabric:</b> Polyester</li><li type="disc"><b>Colour:</b>Yellow  Pink</li></ul><br/><b>Wash &amp; Care</b><br>Wash with like colours. <br>Do not soak  tumble dry or bleach. <br>Mild iron.<br> Line dry<br><br><b>Note:</b> There may be a slight colour variation in the image from original product.   </br></br></br></br></br></br></div></div></div> </div>,,16:04:2014,
351407,adah fashions black georgette dress materials,http://www.yebhi.com/online-shopping/women/dress-materials/sarees/salwar-kameez-set/kurta-kurtis/leggings-and-jeggings.html?affint=women-topmenu,2204,Traditional-Ethnic,sarees,adah-fashions,http://im6.ybndc.com/upload/351407/ProductRear635139099738433732.jpg,2204,,Women,http://www.yebhi.com/351407/PD/adah-fashions-black-georgette-dress-materials.htm,yebhi.com,Adah Fashions Black Georgette - Dress Materials Buy Online,Adah Fashions Black Georgette - Dress Materials  Best Price Rs 2204.00  EMI Rs 367 for 6 months FREE Shipping In Stock - Delivery in 13-17 Days,None,<div class="product_detail_columns tinyscrl" itemprop="description" style=""><div class="scrollbar" style="width:2px; height:250px; background:#9E9E9E;"><div class="track" style="width:2px;"><div class="thumb" style="width:6px;"><div class="end"> </div></div></div></div><div class="viewport" style=" height:250px; width:252px; font-family:Arial !important;"><div class="overview" style="text-align:justify; display:block;"><div>The best of Indian wear exclusively for women - a whole range of designer Sarees   beautiful Salwar Kameez collection handpicked from across all over the country. With its modern yet contemporary designs  color combinations and elegant look. </div></div></div> </div>,,16:04:2014,
467387,adah fashions black georgette dress materials,http://www.yebhi.com/online-shopping/women/dress-materials/sarees/salwar-kameez-set/kurta-kurtis/leggings-and-jeggings.html?affint=women-topmenu,3985,Traditional-Ethnic,sarees,adah-fashions,http://im6.ybndc.com/upload/467387/ProductRear635285999599886000.jpg,3985,,Women,http://www.yebhi.com/467387/PD/adah-fashions-black-georgette-dress-materials.htm,yebhi.com,Adah Fashions Black Georgette - Dress Materials Buy Online,Adah Fashions Black Georgette - Dress Materials  Best Price Rs 3985.00  EMI Rs 664 for 6 months FREE Shipping In Stock - Delivery in 6-8 Days,None,<div class="product_detail_columns tinyscrl" itemprop="description" style=""><div class="scrollbar" style="width:2px; height:250px; background:#9E9E9E;"><div class="track" style="width:2px;"><div class="thumb" style="width:6px;"><div class="end"> </div></div></div></div><div class="viewport" style=" height:250px; width:252px; font-family:Arial !important;"><div class="overview" style="text-align:justify; display:block;"><div>Full Embroidery Work Design And Attractive Color Combination With Full Sleeve Salwaar  Chiffon Dupatta </div></div></div> </div>,,16:04:2014,
467321,adah fashions mustard dress materials,http://www.yebhi.com/online-shopping/women/dress-materials/sarees/salwar-kameez-set/kurta-kurtis/leggings-and-jeggings.html?affint=women-topmenu,5508,Traditional-Ethnic,sarees,adah-fashions,http://im6.ybndc.com/upload/467321/ProductRear635285999495522000.jpg,5508,,Women,http://www.yebhi.com/467321/PD/adah-fashions-mustard-dress-materials.htm,yebhi.com,Adah Fashions Mustard - Dress Materials Buy Online,Adah Fashions Mustard - Dress Materials  Best Price Rs 5508.00  EMI Rs 918 for 6 months FREE Shipping In Stock - Delivery in 6-8 Days,None,<div class="product_detail_columns tinyscrl" itemprop="description" style=""><div class="scrollbar" style="width:2px; height:250px; background:#9E9E9E;"><div class="track" style="width:2px;"><div class="thumb" style="width:6px;"><div class="end"> </div></div></div></div><div class="viewport" style=" height:250px; width:252px; font-family:Arial !important;"><div class="overview" style="text-align:justify; display:block;"><div>This Delightful Diva Accoutre Features Unique Styling And Unusual Material. Style And Trend Will Be At The Peak Of Your Beauty When You Attire This Black &amp; Crimson Faux Georgette Salwar Kameez. The Bead  Kasab  Resham  Sequins &amp; Stones Work Personifies The Entire Appearance. </div></div></div> </div>,,16:04:2014,
467292,adah fashions red net dress materials,http://www.yebhi.com/online-shopping/women/dress-materials/sarees/salwar-kameez-set/kurta-kurtis/leggings-and-jeggings.html?affint=women-topmenu,3662,Traditional-Ethnic,sarees,adah-fashions,http://im6.ybndc.com/upload/467292/ProductRear635285999428910000.jpg,3662,,Women,http://www.yebhi.com/467292/PD/adah-fashions-red-net-dress-materials.htm,yebhi.com,Adah Fashions Red Net - Dress Materials Buy Online,Adah Fashions Red Net - Dress Materials  Best Price Rs 3662.00  EMI Rs 610 for 6 months FREE Shipping In Stock - Delivery in 6-8 Days,None,<div class="product_detail_columns tinyscrl" itemprop="description" style=""><div class="scrollbar" style="width:2px; height:250px; background:#9E9E9E;"><div class="track" style="width:2px;"><div class="thumb" style="width:6px;"><div class="end"> </div></div></div></div><div class="viewport" style=" height:250px; width:252px; font-family:Arial !important;"><div class="overview" style="text-align:justify; display:block;"><div> Jaal Work  Resham  Stones </div></div></div> </div>,,16:04:2014,
467294,adah fashions red georgette dress materials,http://www.yebhi.com/online-shopping/women/dress-materials/sarees/salwar-kameez-set/kurta-kurtis/leggings-and-jeggings.html?affint=women-topmenu,4477,Traditional-Ethnic,sarees,adah-fashions,http://im6.ybndc.com/upload/467294/ProductRear635285999434058000.jpg,4477,,Women,http://www.yebhi.com/467294/PD/adah-fashions-red-georgette-dress-materials.htm,yebhi.com,Adah Fashions Red Georgette - Dress Materials Buy Online,Adah Fashions Red Georgette - Dress Materials  Best Price Rs 4477.00  EMI Rs 746 for 6 months FREE Shipping In Stock - Delivery in 6-8 Days,None,<div class="product_detail_columns tinyscrl" itemprop="description" style=""><div class="scrollbar" style="width:2px; height:250px; background:#9E9E9E;"><div class="track" style="width:2px;"><div class="thumb" style="width:6px;"><div class="end"> </div></div></div></div><div class="viewport" style=" height:250px; width:252px; font-family:Arial !important;"><div class="overview" style="text-align:justify; display:block;"><div> Resham  Sequins </div></div></div> </div>,,16:04:2014,
467328,adah fashions green dress materials,http://www.yebhi.com/online-shopping/women/dress-materials/sarees/salwar-kameez-set/kurta-kurtis/leggings-and-jeggings.html?affint=women-topmenu,3300,Traditional-Ethnic,sarees,adah-fashions,http://im6.ybndc.com/upload/467328/ProductRear635285999513774000.jpg,3300,,Women,http://www.yebhi.com/467328/PD/adah-fashions-green-dress-materials.htm,yebhi.com,Adah Fashions Green - Dress Materials Buy Online,Adah Fashions Green - Dress Materials  Best Price Rs 3300.00  EMI Rs 550 for 6 months FREE Shipping In Stock - Delivery in 6-8 Days,None,<div class="product_detail_columns tinyscrl" itemprop="description" style=""><div class="scrollbar" style="width:2px; height:250px; background:#9E9E9E;"><div class="track" style="width:2px;"><div class="thumb" style="width:6px;"><div class="end"> </div></div></div></div><div class="viewport" style=" height:250px; width:252px; font-family:Arial !important;"><div class="overview" style="text-align:justify; display:block;"><div>Golden Embroidery Work Design in Lace  Full Sleeve Embroidery Work Anarkali Salwaar Suit  </div></div></div> </div>,,16:04:2014,
351320,adah fashions gold art silk sarees,http://www.yebhi.com/online-shopping/women/dress-materials/sarees/salwar-kameez-set/kurta-kurtis/leggings-and-jeggings.html?affint=women-topmenu,834,Traditional-Ethnic,sarees,adah-fashions,http://im6.ybndc.com/upload/351320/ProductRear635139109311061732.jpg,834,,Women,http://www.yebhi.com/351320/PD/adah-fashions-gold-art-silk-sarees.htm,yebhi.com,Adah Fashions Gold Art Silk - Sarees Buy Online,Adah Fashions Gold Art Silk - Sarees  Best Price Rs 834.00  EMI Rs 139 for 6 months FREE Shipping In Stock - Delivery in 13-17 Days,None,<div class="product_detail_columns tinyscrl" itemprop="description" style=""><div class="scrollbar" style="width:2px; height:250px; background:#9E9E9E;"><div class="track" style="width:2px;"><div class="thumb" style="width:6px;"><div class="end"> </div></div></div></div><div class="viewport" style=" height:250px; width:252px; font-family:Arial !important;"><div class="overview" style="text-align:justify; display:block;"><div>The best of Indian wear exclusively for women - a whole range of designer Sarees   beautiful Salwar Kameez collection handpicked from across all over the country. With its modern yet contemporary designs  color combinations and elegant look. </div></div></div> </div>,,16:04:2014,
351261,adah fashions green dress materials,http://www.yebhi.com/online-shopping/women/dress-materials/sarees/salwar-kameez-set/kurta-kurtis/leggings-and-jeggings.html?affint=women-topmenu,1482,Traditional-Ethnic,sarees,adah-fashions,http://im6.ybndc.com/upload/351261/ProductRear635139110747353732.jpg,1482,,Women,http://www.yebhi.com/351261/PD/adah-fashions-green-dress-materials.htm,yebhi.com,Adah Fashions Green - Dress Materials Buy Online,Adah Fashions Green - Dress Materials  Best Price Rs 1482.00  EMI Rs 247 for 6 months FREE Shipping In Stock - Delivery in 13-17 Days,None,<div class="product_detail_columns tinyscrl" itemprop="description" style=""><div class="scrollbar" style="width:2px; height:250px; background:#9E9E9E;"><div class="track" style="width:2px;"><div class="thumb" style="width:6px;"><div class="end"> </div></div></div></div><div class="viewport" style=" height:250px; width:252px; font-family:Arial !important;"><div class="overview" style="text-align:justify; display:block;"><div>This Salwar Kameez Dupatta set in <b>green and blue</b> is  from <b>Adah Fashions</b>. The cotton silk crafted set features <b>a solid blue coloured kurti material and floral printed salwar piece and dupatta.<br/><br/><b>Features</b><ul style="margin-left: 20px;"><li type="disc"><b>Brand:</b>Adah Fashions</li><li type="disc"><b>Category:</b>  Traditional and Ethnic Wear</li><li type="disc"><b>Type:</b> Dress Material</li><li type="disc"><b>Fabric:</b>Cotton Silk </li><li type="disc"><b>Colour:</b> Green  Blue</li></ul><br/><b>Wash &amp; Care</b><br/>  Do not bleach or dry clean.<br> Wash with like colours.<br> Line dry. <br>Warm iron<br><br/><b>Note:</b> There may be a slight colour variation in the image from original product.  </br></br></br></br></b></div></div></div> </div>,,16:04:2014,
467383,adah fashions purple georgette dress materials,http://www.yebhi.com/online-shopping/women/dress-materials/sarees/salwar-kameez-set/kurta-kurtis/leggings-and-jeggings.html?affint=women-topmenu,3831,Traditional-Ethnic,sarees,adah-fashions,http://im6.ybndc.com/upload/467383/ProductRear635285999589434000.jpg,3831,,Women,http://www.yebhi.com/467383/PD/adah-fashions-purple-georgette-dress-materials.htm,yebhi.com,Adah Fashions Purple Georgette - Dress Materials Buy Online,Adah Fashions Purple Georgette - Dress Materials  Best Price Rs 3831.00  EMI Rs 639 for 6 months FREE Shipping In Stock - Delivery in 6-8 Days,None,<div class="product_detail_columns tinyscrl" itemprop="description" style=""><div class="scrollbar" style="width:2px; height:250px; background:#9E9E9E;"><div class="track" style="width:2px;"><div class="thumb" style="width:6px;"><div class="end"> </div></div></div></div><div class="viewport" style=" height:250px; width:252px; font-family:Arial !important;"><div class="overview" style="text-align:justify; display:block;"><div>Embroidery Work Design With Full Sleeve Salwaar Suit. </div></div></div> </div>,,16:04:2014,
351311,adah fashions mustard art silk sarees,http://www.yebhi.com/online-shopping/women/dress-materials/sarees/salwar-kameez-set/kurta-kurtis/leggings-and-jeggings.html?affint=women-topmenu,834,Traditional-Ethnic,sarees,adah-fashions,http://im6.ybndc.com/upload/351311/ProductRear635139107463397732.jpg,834,,Women,http://www.yebhi.com/351311/PD/adah-fashions-mustard-art-silk-sarees.htm,yebhi.com,Adah Fashions Mustard Art Silk - Sarees Buy Online,Adah Fashions Mustard Art Silk - Sarees  Best Price Rs 834.00  EMI Rs 139 for 6 months FREE Shipping In Stock - Delivery in 13-17 Days,None,<div class="product_detail_columns tinyscrl" itemprop="description" style=""><div class="scrollbar" style="width:2px; height:250px; background:#9E9E9E;"><div class="track" style="width:2px;"><div class="thumb" style="width:6px;"><div class="end"> </div></div></div></div><div class="viewport" style=" height:250px; width:252px; font-family:Arial !important;"><div class="overview" style="text-align:justify; display:block;"><div>The best of Indian wear exclusively for women - a whole range of designer Sarees   beautiful Salwar Kameez collection handpicked from across all over the country. With its modern yet contemporary designs  color combinations and elegant look. </div></div></div> </div>,,16:04:2014,
467323,adah fashions beige dress materials,http://www.yebhi.com/online-shopping/women/dress-materials/sarees/salwar-kameez-set/kurta-kurtis/leggings-and-jeggings.html?affint=women-topmenu,5754,Traditional-Ethnic,sarees,adah-fashions,http://im6.ybndc.com/upload/467323/ProductRear635285999501450000.jpg,5754,,Women,http://www.yebhi.com/467323/PD/adah-fashions-beige-dress-materials.htm,yebhi.com,Adah Fashions Beige - Dress Materials Buy Online,Adah Fashions Beige - Dress Materials  Best Price Rs 5754.00  EMI Rs 959 for 6 months FREE Shipping In Stock - Delivery in 6-8 Days,None,<div class="product_detail_columns tinyscrl" itemprop="description" style=""><div class="scrollbar" style="width:2px; height:250px; background:#9E9E9E;"><div class="track" style="width:2px;"><div class="thumb" style="width:6px;"><div class="end"> </div></div></div></div><div class="viewport" style=" height:250px; width:252px; font-family:Arial !important;"><div class="overview" style="text-align:justify; display:block;"><div>Get Going With This Majestic &amp; Wonderful Piece And Make Your Dream Attire Look Richer To Your Persona. Add Grace And Charm To Your Appearance In This Beautiful Green &amp; Pink Faux Georgette Salwar Kameez. It Has Been Beautifully Designed With Lace  Patch Work  Resham &amp; Stones Work. </div></div></div> </div>,,16:04:2014,
467381,adah fashions black georgette dress materials,http://www.yebhi.com/online-shopping/women/dress-materials/sarees/salwar-kameez-set/kurta-kurtis/leggings-and-jeggings.html?affint=women-topmenu,4154,Traditional-Ethnic,sarees,adah-fashions,http://im6.ybndc.com/upload/467381/ProductRear635285999583974000.jpg,4154,,Women,http://www.yebhi.com/467381/PD/adah-fashions-black-georgette-dress-materials.htm,yebhi.com,Adah Fashions Black Georgette - Dress Materials Buy Online,Adah Fashions Black Georgette - Dress Materials  Best Price Rs 4154.00  EMI Rs 692 for 6 months FREE Shipping In Stock - Delivery in 6-8 Days,None,<div class="product_detail_columns tinyscrl" itemprop="description" style=""><div class="scrollbar" style="width:2px; height:250px; background:#9E9E9E;"><div class="track" style="width:2px;"><div class="thumb" style="width:6px;"><div class="end"> </div></div></div></div><div class="viewport" style=" height:250px; width:252px; font-family:Arial !important;"><div class="overview" style="text-align:justify; display:block;"><div>Embroidery Work Design And Attractive Color Combination With Full Sleeve Salwaar Suit. </div></div></div> </div>,,16:04:2014,
467386,adah fashions yellow georgette dress materials,http://www.yebhi.com/online-shopping/women/dress-materials/sarees/salwar-kameez-set/kurta-kurtis/leggings-and-jeggings.html?affint=women-topmenu,3985,Traditional-Ethnic,sarees,adah-fashions,http://im6.ybndc.com/upload/467386/ProductRear635285999597234000.jpg,3985,,Women,http://www.yebhi.com/467386/PD/adah-fashions-yellow-georgette-dress-materials.htm,yebhi.com,Adah Fashions Yellow Georgette - Dress Materials Buy Online,Adah Fashions Yellow Georgette - Dress Materials  Best Price Rs 3985.00  EMI Rs 664 for 6 months FREE Shipping In Stock - Delivery in 6-8 Days,None,<div class="product_detail_columns tinyscrl" itemprop="description" style=""><div class="scrollbar" style="width:2px; height:250px; background:#9E9E9E;"><div class="track" style="width:2px;"><div class="thumb" style="width:6px;"><div class="end"> </div></div></div></div><div class="viewport" style=" height:250px; width:252px; font-family:Arial !important;"><div class="overview" style="text-align:justify; display:block;"><div>Full Sleeve Embroidery Work &amp; Thread Work Design With Attractive Border Design </div></div></div> </div>,,16:04:2014,
467394,adah fashions purple cotton dress materials,http://www.yebhi.com/online-shopping/women/dress-materials/sarees/salwar-kameez-set/kurta-kurtis/leggings-and-jeggings.html?affint=women-topmenu,2323,Traditional-Ethnic,sarees,adah-fashions,http://im6.ybndc.com/upload/467394/ProductRear635285999617202000.jpg,2323,,Women,http://www.yebhi.com/467394/PD/adah-fashions-purple-cotton-dress-materials.htm,yebhi.com,Adah Fashions Purple Cotton - Dress Materials Buy Online,Adah Fashions Purple Cotton - Dress Materials  Best Price Rs 2323.00  EMI Rs 387 for 6 months FREE Shipping In Stock - Delivery in 6-8 Days,None,<div class="product_detail_columns tinyscrl" itemprop="description" style=""><div class="scrollbar" style="width:2px; height:250px; background:#9E9E9E;"><div class="track" style="width:2px;"><div class="thumb" style="width:6px;"><div class="end"> </div></div></div></div><div class="viewport" style=" height:250px; width:252px; font-family:Arial !important;"><div class="overview" style="text-align:justify; display:block;"><div>Pure Cotton Printed And Embroid Work Salwaar Suit </div></div></div> </div>,,16:04:2014,
467300,adah fashions pink net dress materials,http://www.yebhi.com/online-shopping/women/dress-materials/sarees/salwar-kameez-set/kurta-kurtis/leggings-and-jeggings.html?affint=women-topmenu,4323,Traditional-Ethnic,sarees,adah-fashions,http://im6.ybndc.com/upload/467300/ProductRear635285999446070000.jpg,4323,,Women,http://www.yebhi.com/467300/PD/adah-fashions-pink-net-dress-materials.htm,yebhi.com,Adah Fashions Pink Net - Dress Materials Buy Online,Adah Fashions Pink Net - Dress Materials  Best Price Rs 4323.00  EMI Rs 721 for 6 months FREE Shipping In Stock - Delivery in 6-8 Days,None,<div class="product_detail_columns tinyscrl" itemprop="description" style=""><div class="scrollbar" style="width:2px; height:250px; background:#9E9E9E;"><div class="track" style="width:2px;"><div class="thumb" style="width:6px;"><div class="end"> </div></div></div></div><div class="viewport" style=" height:250px; width:252px; font-family:Arial !important;"><div class="overview" style="text-align:justify; display:block;"><div> Patch Work  Resham  Silver Zardosi </div></div></div> </div>,,16:04:2014,
467391,adah fashions red cotton dress materials,http://www.yebhi.com/online-shopping/women/dress-materials/sarees/salwar-kameez-set/kurta-kurtis/leggings-and-jeggings.html?affint=women-topmenu,1800,Traditional-Ethnic,sarees,adah-fashions,http://im6.ybndc.com/upload/467391/ProductRear635285999610494000.jpg,1800,,Women,http://www.yebhi.com/467391/PD/adah-fashions-red-cotton-dress-materials.htm,yebhi.com,Adah Fashions Red Cotton - Dress Materials Buy Online,Adah Fashions Red Cotton - Dress Materials  Best Price Rs 1800.00  EMI Rs 300 for 6 months FREE Shipping In Stock - Delivery in 6-8 Days,None,<div class="product_detail_columns tinyscrl" itemprop="description" style=""><div class="scrollbar" style="width:2px; height:250px; background:#9E9E9E;"><div class="track" style="width:2px;"><div class="thumb" style="width:6px;"><div class="end"> </div></div></div></div><div class="viewport" style=" height:250px; width:252px; font-family:Arial !important;"><div class="overview" style="text-align:justify; display:block;"><div>Pure Cotton Printed And Embroid Work Salwaar Suit </div></div></div> </div>,,16:04:2014,
467299,adah fashions blue georgette dress materials,http://www.yebhi.com/online-shopping/women/dress-materials/sarees/salwar-kameez-set/kurta-kurtis/leggings-and-jeggings.html?affint=women-topmenu,4446,Traditional-Ethnic,sarees,adah-fashions,http://im6.ybndc.com/upload/467299/ProductRear635285999443730000.jpg,4446,,Women,http://www.yebhi.com/467299/PD/adah-fashions-blue-georgette-dress-materials.htm,yebhi.com,Adah Fashions Blue Georgette - Dress Materials Buy Online,Adah Fashions Blue Georgette - Dress Materials  Best Price Rs 4446.00  EMI Rs 741 for 6 months FREE Shipping In Stock - Delivery in 6-8 Days,None,<div class="product_detail_columns tinyscrl" itemprop="description" style=""><div class="scrollbar" style="width:2px; height:250px; background:#9E9E9E;"><div class="track" style="width:2px;"><div class="thumb" style="width:6px;"><div class="end"> </div></div></div></div><div class="viewport" style=" height:250px; width:252px; font-family:Arial !important;"><div class="overview" style="text-align:justify; display:block;"><div> Bead  Floral Patch  Gold Zardosi  Patch Work  Resham  Stones </div></div></div> </div>,,16:04:2014,
467326,adah fashions orange dress materials,http://www.yebhi.com/online-shopping/women/dress-materials/sarees/salwar-kameez-set/kurta-kurtis/leggings-and-jeggings.html?affint=women-topmenu,5431,Traditional-Ethnic,sarees,adah-fashions,http://im6.ybndc.com/upload/467326/ProductRear635285999508782000.jpg,5431,,Women,http://www.yebhi.com/467326/PD/adah-fashions-orange-dress-materials.htm,yebhi.com,Adah Fashions Orange - Dress Materials Buy Online,Adah Fashions Orange - Dress Materials  Best Price Rs 5431.00  EMI Rs 905 for 6 months FREE Shipping In Stock - Delivery in 6-8 Days,None,<div class="product_detail_columns tinyscrl" itemprop="description" style=""><div class="scrollbar" style="width:2px; height:250px; background:#9E9E9E;"><div class="track" style="width:2px;"><div class="thumb" style="width:6px;"><div class="end"> </div></div></div></div><div class="viewport" style=" height:250px; width:252px; font-family:Arial !important;"><div class="overview" style="text-align:justify; display:block;"><div>We Are To Breathe Life Into Your Aspirations &amp; To Make A Mark In The World Of Style. Add A Vibrant Burst Of Color To Your Wardrobe With This Deep Orange &amp; Deep Purple Faux Georgette Salwar Kameez. This Attire Is Encrafted With Gold Zardosi  Lace  Patch Work  Resham &amp; Stones Work. </div></div></div> </div>,,16:04:2014,
467293,adah fashions pink georgette dress materials,http://www.yebhi.com/online-shopping/women/dress-materials/sarees/salwar-kameez-set/kurta-kurtis/leggings-and-jeggings.html?affint=women-topmenu,4446,Traditional-Ethnic,sarees,adah-fashions,http://im6.ybndc.com/upload/467293/ProductRear635285999431562000.jpg,4446,,Women,http://www.yebhi.com/467293/PD/adah-fashions-pink-georgette-dress-materials.htm,yebhi.com,Adah Fashions Pink Georgette - Dress Materials Buy Online,Adah Fashions Pink Georgette - Dress Materials  Best Price Rs 4446.00  EMI Rs 741 for 6 months FREE Shipping In Stock - Delivery in 6-8 Days,None,<div class="product_detail_columns tinyscrl" itemprop="description" style=""><div class="scrollbar" style="width:2px; height:250px; background:#9E9E9E;"><div class="track" style="width:2px;"><div class="thumb" style="width:6px;"><div class="end"> </div></div></div></div><div class="viewport" style=" height:250px; width:252px; font-family:Arial !important;"><div class="overview" style="text-align:justify; display:block;"><div> Gold Zardosi  Resham  Sequins </div></div></div> </div>,,16:04:2014,
467322,adah fashions black dress materials,http://www.yebhi.com/online-shopping/women/dress-materials/sarees/salwar-kameez-set/kurta-kurtis/leggings-and-jeggings.html?affint=women-topmenu,4446,Traditional-Ethnic,sarees,adah-fashions,http://im6.ybndc.com/upload/467322/ProductRear635285999498954000.jpg,4446,,Women,http://www.yebhi.com/467322/PD/adah-fashions-black-dress-materials.htm,yebhi.com,Adah Fashions Black - Dress Materials Buy Online,Adah Fashions Black - Dress Materials  Best Price Rs 4446.00  EMI Rs 741 for 6 months FREE Shipping In Stock - Delivery in 6-8 Days,None,<div class="product_detail_columns tinyscrl" itemprop="description" style=""><div class="scrollbar" style="width:2px; height:250px; background:#9E9E9E;"><div class="track" style="width:2px;"><div class="thumb" style="width:6px;"><div class="end"> </div></div></div></div><div class="viewport" style=" height:250px; width:252px; font-family:Arial !important;"><div class="overview" style="text-align:justify; display:block;"><div>Famous Designers Tend To Give Reign To Their Imagination And Create Clothes That Look Interesting And Guided By The Desire To Attract Attention. This Beige Net Salwar Kameez Add The Sense Of Elegant And Glamorous. It Is Uniquely Crafted With Lace  Patch Work  Resham &amp; Sequins Work. </div></div></div> </div>,,16:04:2014,
467289,adah fashions beige georgette dress materials,http://www.yebhi.com/online-shopping/women/dress-materials/sarees/salwar-kameez-set/kurta-kurtis/leggings-and-jeggings.html?affint=women-topmenu,5785,Traditional-Ethnic,sarees,adah-fashions,http://im6.ybndc.com/upload/467289/ProductRear635285999421578000.jpg,5785,,Women,http://www.yebhi.com/467289/PD/adah-fashions-beige-georgette-dress-materials.htm,yebhi.com,Adah Fashions Beige Georgette - Dress Materials Buy Online,Adah Fashions Beige Georgette - Dress Materials  Best Price Rs 5785.00  EMI Rs 964 for 6 months FREE Shipping In Stock - Delivery in 6-8 Days,None,<div class="product_detail_columns tinyscrl" itemprop="description" style=""><div class="scrollbar" style="width:2px; height:250px; background:#9E9E9E;"><div class="track" style="width:2px;"><div class="thumb" style="width:6px;"><div class="end"> </div></div></div></div><div class="viewport" style=" height:250px; width:252px; font-family:Arial !important;"><div class="overview" style="text-align:justify; display:block;"><div> Gold Zardosi  Patch Work  Resham </div></div></div> </div>,,16:04:2014,
467320,adah fashions red dress materials,http://www.yebhi.com/online-shopping/women/dress-materials/sarees/salwar-kameez-set/kurta-kurtis/leggings-and-jeggings.html?affint=women-topmenu,4446,Traditional-Ethnic,sarees,adah-fashions,http://im6.ybndc.com/upload/467320/ProductRear635285999493026000.jpg,4446,,Women,http://www.yebhi.com/467320/PD/adah-fashions-red-dress-materials.htm,yebhi.com,Adah Fashions Red - Dress Materials Buy Online,Adah Fashions Red - Dress Materials  Best Price Rs 4446.00  EMI Rs 741 for 6 months FREE Shipping In Stock - Delivery in 6-8 Days,None,<div class="product_detail_columns tinyscrl" itemprop="description" style=""><div class="scrollbar" style="width:2px; height:250px; background:#9E9E9E;"><div class="track" style="width:2px;"><div class="thumb" style="width:6px;"><div class="end"> </div></div></div></div><div class="viewport" style=" height:250px; width:252px; font-family:Arial !important;"><div class="overview" style="text-align:justify; display:block;"><div>Sensible Colors &amp; Excellent Designs And Romantic Moods Are Reflected With An Alluring Style. Be Your Own Style Icon With Captivating Cream Net Salwar Kameez. Beautified With Fancy Embellishments  Patch Work  Resham  Sequins &amp; Stones Work All Synchronized Well With The Pattern And Design Of The Attire. </div></div></div> </div>,,16:04:2014,
351315,adah fashions orange art silk sarees,http://www.yebhi.com/online-shopping/women/dress-materials/sarees/salwar-kameez-set/kurta-kurtis/leggings-and-jeggings.html?affint=women-topmenu,834,Traditional-Ethnic,sarees,adah-fashions,http://im6.ybndc.com/upload/351315/ProductRear635139107975701732.jpg,834,,Women,http://www.yebhi.com/351315/PD/adah-fashions-orange-art-silk-sarees.htm,yebhi.com,Adah Fashions Orange Art Silk - Sarees Buy Online,Adah Fashions Orange Art Silk - Sarees  Best Price Rs 834.00  EMI Rs 139 for 6 months FREE Shipping In Stock - Delivery in 13-17 Days,None,<div class="product_detail_columns tinyscrl" itemprop="description" style=""><div class="scrollbar" style="width:2px; height:250px; background:#9E9E9E;"><div class="track" style="width:2px;"><div class="thumb" style="width:6px;"><div class="end"> </div></div></div></div><div class="viewport" style=" height:250px; width:252px; font-family:Arial !important;"><div class="overview" style="text-align:justify; display:block;"><div>The best of Indian wear exclusively for women - a whole range of designer Sarees   beautiful Salwar Kameez collection handpicked from across all over the country. With its modern yet contemporary designs  color combinations and elegant look. </div></div></div> </div>,,16:04:2014,
351253,adah fashions purple dress materials,http://www.yebhi.com/online-shopping/women/dress-materials/sarees/salwar-kameez-set/kurta-kurtis/leggings-and-jeggings.html?affint=women-topmenu,1519,Traditional-Ethnic,sarees,adah-fashions,http://im6.ybndc.com/upload/351253/ProductRear635139073910917732.jpg,1519,,Women,http://www.yebhi.com/351253/PD/adah-fashions-purple-dress-materials.htm,yebhi.com,Adah Fashions Purple - Dress Materials Buy Online,Adah Fashions Purple - Dress Materials  Best Price Rs 1519.00  EMI Rs 253 for 6 months FREE Shipping In Stock - Delivery in 13-17 Days,None,<div class="product_detail_columns tinyscrl" itemprop="description" style=""><div class="scrollbar" style="width:2px; height:250px; background:#9E9E9E;"><div class="track" style="width:2px;"><div class="thumb" style="width:6px;"><div class="end"> </div></div></div></div><div class="viewport" style=" height:250px; width:252px; font-family:Arial !important;"><div class="overview" style="text-align:justify; display:block;"><div>This Salwar Kameez Dupatta set in <b>multicolour</b> is  from <b>Adah Fashions</b>. The cotton silk crafted set features <b>a solid purple coloured kurti material and floral printed salwar and multiprinted colourful dupatta piece.<br/><br/><b>Features</b><ul style="margin-left: 20px;"><li type="disc"><b>Brand:</b>Adah Fashions</li><li type="disc"><b>Category:</b>  Traditional and Ethnic Wear</li><li type="disc"><b>Type:</b> Dress Material</li><li type="disc"><b>Fabric:</b>Cotton Silk </li><li type="disc"><b>Colour:</b> Multicolour</li></ul><br/><b>Wash &amp; Care</b><br/>  Do not bleach or dry clean.<br> Wash with like colours.<br> Line dry. <br>Warm iron<br><br/><b>Note:</b> There may be a slight colour variation in the image from original product.  </br></br></br></br></b></div></div></div> </div>,,16:04:2014,
467329,adah fashions purple dress materials,http://www.yebhi.com/online-shopping/women/dress-materials/sarees/salwar-kameez-set/kurta-kurtis/leggings-and-jeggings.html?affint=women-topmenu,3300,Traditional-Ethnic,sarees,adah-fashions,http://im6.ybndc.com/upload/467329/ProductRear635285999516426000.jpg,3300,,Women,http://www.yebhi.com/467329/PD/adah-fashions-purple-dress-materials.htm,yebhi.com,Adah Fashions Purple - Dress Materials Buy Online,Adah Fashions Purple - Dress Materials  Best Price Rs 3300.00  EMI Rs 550 for 6 months FREE Shipping In Stock - Delivery in 6-8 Days,None,<div class="product_detail_columns tinyscrl" itemprop="description" style=""><div class="scrollbar" style="width:2px; height:250px; background:#9E9E9E;"><div class="track" style="width:2px;"><div class="thumb" style="width:6px;"><div class="end"> </div></div></div></div><div class="viewport" style=" height:250px; width:252px; font-family:Arial !important;"><div class="overview" style="text-align:justify; display:block;"><div>Golden Embroidery Work Design in Lace  Full Sleeve  </div></div></div> </div>,,16:04:2014,
467337,adah fashions black georgette dress materials,http://www.yebhi.com/online-shopping/women/dress-materials/sarees/salwar-kameez-set/kurta-kurtis/leggings-and-jeggings.html?affint=women-topmenu,2200,Traditional-Ethnic,sarees,adah-fashions,http://im6.ybndc.com/upload/467337/ProductRear635285999536394000.jpg,2200,,Women,http://www.yebhi.com/467337/PD/adah-fashions-black-georgette-dress-materials.htm,yebhi.com,Adah Fashions Black Georgette - Dress Materials Buy Online,Adah Fashions Black Georgette - Dress Materials  Best Price Rs 2200.00  EMI Rs 367 for 6 months FREE Shipping In Stock - Delivery in 6-8 Days,None,<div class="product_detail_columns tinyscrl" itemprop="description" style=""><div class="scrollbar" style="width:2px; height:250px; background:#9E9E9E;"><div class="track" style="width:2px;"><div class="thumb" style="width:6px;"><div class="end"> </div></div></div></div><div class="viewport" style=" height:250px; width:252px; font-family:Arial !important;"><div class="overview" style="text-align:justify; display:block;"><div>Embroidery &amp; Jari work Design Salwaar Kameez </div></div></div> </div>,,16:04:2014,
467345,adah fashions green dress materials,http://www.yebhi.com/online-shopping/women/dress-materials/sarees/salwar-kameez-set/kurta-kurtis/leggings-and-jeggings.html?affint=women-topmenu,2338,Traditional-Ethnic,sarees,adah-fashions,http://im6.ybndc.com/upload/467345/ProductRear635285999556674000.jpg,2338,,Women,http://www.yebhi.com/467345/PD/adah-fashions-green-dress-materials.htm,yebhi.com,Adah Fashions Green - Dress Materials Buy Online,Adah Fashions Green - Dress Materials  Best Price Rs 2338.00  EMI Rs 390 for 6 months FREE Shipping In Stock - Delivery in 6-8 Days,None,<div class="product_detail_columns tinyscrl" itemprop="description" style=""><div class="scrollbar" style="width:2px; height:250px; background:#9E9E9E;"><div class="track" style="width:2px;"><div class="thumb" style="width:6px;"><div class="end"> </div></div></div></div><div class="viewport" style=" height:250px; width:252px; font-family:Arial !important;"><div class="overview" style="text-align:justify; display:block;"><div>Colorful Embroidery Design With Perfect Printed Design Cotton Salwaar Suit </div></div></div> </div>,,16:04:2014,
467397,adah fashions pink cotton dress materials,http://www.yebhi.com/online-shopping/women/dress-materials/sarees/salwar-kameez-set/kurta-kurtis/leggings-and-jeggings.html?affint=women-topmenu,2462,Traditional-Ethnic,sarees,adah-fashions,http://im6.ybndc.com/upload/467397/ProductRear635285999624378000.jpg,2462,,Women,http://www.yebhi.com/467397/PD/adah-fashions-pink-cotton-dress-materials.htm,yebhi.com,Adah Fashions Pink Cotton - Dress Materials Buy Online,Adah Fashions Pink Cotton - Dress Materials  Best Price Rs 2462.00  EMI Rs 410 for 6 months FREE Shipping In Stock - Delivery in 6-8 Days,None,<div class="product_detail_columns tinyscrl" itemprop="description" style=""><div class="scrollbar" style="width:2px; height:250px; background:#9E9E9E;"><div class="track" style="width:2px;"><div class="thumb" style="width:6px;"><div class="end"> </div></div></div></div><div class="viewport" style=" height:250px; width:252px; font-family:Arial !important;"><div class="overview" style="text-align:justify; display:block;"><div>Pure Cotton Printed And Embroid Work Salwaar Suit </div></div></div> </div>,,16:04:2014,
467347,adah fashions purple dress materials,http://www.yebhi.com/online-shopping/women/dress-materials/sarees/salwar-kameez-set/kurta-kurtis/leggings-and-jeggings.html?affint=women-topmenu,2338,Traditional-Ethnic,sarees,adah-fashions,http://im6.ybndc.com/upload/467347/ProductRear635285999559794000.jpg,2338,,Women,http://www.yebhi.com/467347/PD/adah-fashions-purple-dress-materials.htm,yebhi.com,Adah Fashions Purple - Dress Materials Buy Online,Adah Fashions Purple - Dress Materials  Best Price Rs 2338.00  EMI Rs 390 for 6 months FREE Shipping In Stock - Delivery in 6-8 Days,None,<div class="product_detail_columns tinyscrl" itemprop="description" style=""><div class="scrollbar" style="width:2px; height:250px; background:#9E9E9E;"><div class="track" style="width:2px;"><div class="thumb" style="width:6px;"><div class="end"> </div></div></div></div><div class="viewport" style=" height:250px; width:252px; font-family:Arial !important;"><div class="overview" style="text-align:justify; display:block;"><div>Colorful Embroidery Design With Perfect Printed Design Cotton Salwaar Suit </div></div></div> </div>,,16:04:2014,
467336,adah fashions orange georgette dress materials,http://www.yebhi.com/online-shopping/women/dress-materials/sarees/salwar-kameez-set/kurta-kurtis/leggings-and-jeggings.html?affint=women-topmenu,2200,Traditional-Ethnic,sarees,adah-fashions,http://im6.ybndc.com/upload/467336/ProductRear635285999533898000.jpg,2200,,Women,http://www.yebhi.com/467336/PD/adah-fashions-orange-georgette-dress-materials.htm,yebhi.com,Adah Fashions Orange Georgette - Dress Materials Buy Online,Adah Fashions Orange Georgette - Dress Materials  Best Price Rs 2200.00  EMI Rs 367 for 6 months FREE Shipping In Stock - Delivery in 6-8 Days,None,<div class="product_detail_columns tinyscrl" itemprop="description" style=""><div class="scrollbar" style="width:2px; height:250px; background:#9E9E9E;"><div class="track" style="width:2px;"><div class="thumb" style="width:6px;"><div class="end"> </div></div></div></div><div class="viewport" style=" height:250px; width:252px; font-family:Arial !important;"><div class="overview" style="text-align:justify; display:block;"><div>Embroidery &amp; Jari work Design Salwaar Kameez </div></div></div> </div>,,16:04:2014,
351406,adah fashions green georgette dress materials,http://www.yebhi.com/online-shopping/women/dress-materials/sarees/salwar-kameez-set/kurta-kurtis/leggings-and-jeggings.html?affint=women-topmenu,2704,Traditional-Ethnic,sarees,adah-fashions,http://im6.ybndc.com/upload/351406/ProductRear635139099500533732.jpg,2704,,Women,http://www.yebhi.com/351406/PD/adah-fashions-green-georgette-dress-materials.htm,yebhi.com,Adah Fashions Green Georgette - Dress Materials Buy Online,Adah Fashions Green Georgette - Dress Materials  Best Price Rs 2704.00  EMI Rs 451 for 6 months FREE Shipping In Stock - Delivery in 13-17 Days,None,<div class="product_detail_columns tinyscrl" itemprop="description" style=""><div class="scrollbar" style="width:2px; height:250px; background:#9E9E9E;"><div class="track" style="width:2px;"><div class="thumb" style="width:6px;"><div class="end"> </div></div></div></div><div class="viewport" style=" height:250px; width:252px; font-family:Arial !important;"><div class="overview" style="text-align:justify; display:block;"><div>The best of Indian wear exclusively for women - a whole range of designer Sarees   beautiful Salwar Kameez collection handpicked from across all over the country. With its modern yet contemporary designs  color combinations and elegant look. </div></div></div> </div>,,16:04:2014,
351408,adah fashions black georgette dress materials,http://www.yebhi.com/online-shopping/women/dress-materials/sarees/salwar-kameez-set/kurta-kurtis/leggings-and-jeggings.html?affint=women-topmenu,2408,Traditional-Ethnic,sarees,adah-fashions,http://im6.ybndc.com/upload/351408/ProductRear635139099883825732.jpg,2408,,Women,http://www.yebhi.com/351408/PD/adah-fashions-black-georgette-dress-materials.htm,yebhi.com,Adah Fashions Black Georgette - Dress Materials Buy Online,Adah Fashions Black Georgette - Dress Materials  Best Price Rs 2408.00  EMI Rs 401 for 6 months FREE Shipping In Stock - Delivery in 13-17 Days,None,<div class="product_detail_columns tinyscrl" itemprop="description" style=""><div class="scrollbar" style="width:2px; height:250px; background:#9E9E9E;"><div class="track" style="width:2px;"><div class="thumb" style="width:6px;"><div class="end"> </div></div></div></div><div class="viewport" style=" height:250px; width:252px; font-family:Arial !important;"><div class="overview" style="text-align:justify; display:block;"><div>The best of Indian wear exclusively for women - a whole range of designer Sarees   beautiful Salwar Kameez collection handpicked from across all over the country. With its modern yet contemporary designs  color combinations and elegant look. </div></div></div> </div>,,16:04:2014,
467330,adah fashions grey dress materials,http://www.yebhi.com/online-shopping/women/dress-materials/sarees/salwar-kameez-set/kurta-kurtis/leggings-and-jeggings.html?affint=women-topmenu,3300,Traditional-Ethnic,sarees,adah-fashions,http://im6.ybndc.com/upload/467330/ProductRear635285999519390000.jpg,3300,,Women,http://www.yebhi.com/467330/PD/adah-fashions-grey-dress-materials.htm,yebhi.com,Adah Fashions Grey - Dress Materials Buy Online,Adah Fashions Grey - Dress Materials  Best Price Rs 3300.00  EMI Rs 550 for 6 months FREE Shipping In Stock - Delivery in 6-8 Days,None,<div class="product_detail_columns tinyscrl" itemprop="description" style=""><div class="scrollbar" style="width:2px; height:250px; background:#9E9E9E;"><div class="track" style="width:2px;"><div class="thumb" style="width:6px;"><div class="end"> </div></div></div></div><div class="viewport" style=" height:250px; width:252px; font-family:Arial !important;"><div class="overview" style="text-align:justify; display:block;"><div>Embroidery and Thread Work Design Salwaar Suit </div></div></div> </div>,,16:04:2014,
351416,adah fashions beige net dress materials,http://www.yebhi.com/online-shopping/women/dress-materials/sarees/salwar-kameez-set/kurta-kurtis/leggings-and-jeggings.html?affint=women-topmenu,6705,Traditional-Ethnic,sarees,adah-fashions,http://im6.ybndc.com/upload/351416/ProductRear635139075410389732.jpg,6705,,Women,http://www.yebhi.com/351416/PD/adah-fashions-beige-net-dress-materials.htm,yebhi.com,Adah Fashions Beige Net - Dress Materials Buy Online,Adah Fashions Beige Net - Dress Materials  Best Price Rs 6705.00  EMI Rs 1118 for 6 months FREE Shipping In Stock - Delivery in 13-17 Days,None,<div class="product_detail_columns tinyscrl" itemprop="description" style=""><div class="scrollbar" style="width:2px; height:250px; background:#9E9E9E;"><div class="track" style="width:2px;"><div class="thumb" style="width:6px;"><div class="end"> </div></div></div></div><div class="viewport" style=" height:250px; width:252px; font-family:Arial !important;"><div class="overview" style="text-align:justify; display:block;"><div>The best of Indian wear exclusively for women - a whole range of designer Sarees   beautiful Salwar Kameez collection handpicked from across all over the country. With its modern yet contemporary designs  color combinations and elegant look. </div></div></div> </div>,,16:04:2014,
